32
160.50
0
1
0
0
0
32
161.50
0
1
0
0
0
32
163
0
1
0
0
0
32
165
0
1
0
0
0
32
167.50
0
1
0
0
0
32
170.50
0
1
0
0
0
32
170.50
0
1
0
0
0
32
171
0
1
0
0
0
32
172
0
1
0
0
0
32
172
0
1
0
0
0
32
172
0
1
0
0
0
32
172
0
1
0
0
0
32
172
0
1
0
0
0
32
172
0
1
0
0
0
32
172
0
1
0
0
0
32
172
0
1
0
0
0
32
172
0
1
0
0
0
32
172
0
1
0
0
0
32
172
0
1
0
0
0
32
172
0
1
0
0
0
36
172
0
1
0
0
0
40
172
0
1
0
0
0
44
172
0
1
0
0
0
48
172
0
1
0
0
0
52
172
1
1
0
0
0
56
172
1
1
0
0
0
60
172
1
1
0
0
0
64
172
1
1
0
0
0
68
172
1
1
0
0
0
72
172
2
1
0
0
0
76
172
2
1
0
0
0
80
172
2
1
0
0
0
84
172
2
1
0
0
0
88
172
2
1
0
0
0
92
172
3
1
0
0
0
96
172
0
1
0
0
0
96
172
0
1
0
0
0
96
172
0
1
0
0
0
96
172
0
1
0
0
0
96
172
0
1
0
0
0
96
172
0
1
0
0
0
96
172
0
1
0
0
0
96
172
0
1
0
0
0
96
172
0
1
0
0
0
96
172
0
1
0
0
0
96
172
0
1
0
0
0
96
172
0
1
0
0
0
96
172
0
1
0
0
0
96
172
0
1
0
0
0
96
168
0
1
0
0
0
96
164
0
1
0
0
0
96
160
0
1
0
0
0
96
156
0
1
0
0
0
96
152
0
1
0
0
0
96
148
0
1
0
0
0
96
144
0
1
0
0
0
96
140
0
1
0
0
0
96
136
0
1
0
0
0
96
132
0
1
0
0
0
96
128
0
1
0
0
0
96
124
0
1
0
0
0
96
125
0
1
0
0
0
96
126.50
0
1
0
0
0
96
128.50
0
1
0
0
0
96
131
0
1
0
0
0
96
134
0
1
0
0
0
96
137.50
0
1
0
0
0
96
141.50
0
1
0
0
0
96
146
0
1
0
0
0
96
151
0
1
0
0
0
96
156.50
0
1
0
0
0
96
162.50
0
1
0
0
0
96
169
0
1
0
0
0
96
169
0
1
0
0
0
96
169.50
0
1
0
0
0
96
170.50
0
1
0
0
0
96
172
0
1
0
0
0
96
172
0
1
0
0
0
96
172
0
1
0
0
0
96
172
0
1
0
0
0
96
172
0
1
0
0
0
96
172
0
1
0
0
0
96
172
0
1
0
0
0
96
172
0
1
0
0
0
96
172
0
1
0
0
0
96
172
0
1
0
0
0
96
172
0
1
0
0
0
96
172
0
1
0
0
0
96
172
0
1
0
0
0
96
172
0
1
0
0
0
96
172
0
1
0
0
0
96
172
0
1
0
0
0
96
172
0
1
0
0
0
96
172
0
1
0
0
0
96
172
0
1
0
0
0
96
172
0
1
0
0
0
96
172
0
1
0
0
0
96
172
0
1
0
0
0
96
172
0
1
0
0
0
96
172
0
1
0
0
0
96
172
0
1
0
0
0
96
172
0
1
0
0
0
96
172
0
1
0
0
0
96
172
0
1
0
0
0
96
172
0
1
0
0
0
96
172
0
1
0
0
0
96
172
0
1
0
0
0
96
172
0
1
0
0
0
96
172
0
1
0
0
0
96
172
0
1
0
0
0
96
172
0
1
0
0
0
96
172
0
1
0
0
0
96
172
0
1
0
0
0
96
172
0
1
0
0
0
96
172
0
1
0
0
0
96
172
0
1
0
0
0
96
172
0
1
0
0
0
96
172
0
1
0
0
0
96
172
0
1
0
0
0
96
172
0
1
0
0
0
96
172
0
1
0
0
0
96
172
0
1
0
0
0
96
172
0
1
0
0
0
96
172
0
1
0
0
0
96
172
0
1
0
0
0
96
172
0
1
0
0
0
96
172
0
1
0
0
0
96
172
0
1
0
0
0
96
172
0
1
0
0
0
96
172
0
1
0
0
0
96
172
0
1
0
0
0
96
172
0
1
0
0
0
96
172
0
1
0
0
0
96
172
0
1
0
0
0
96
172
0
1
0
0
0
96
172
0
1
0
0
0
96
172
0
1
0
0
0
96
172
0
1
0
0
0
96
172
0
1
0
0
0
96
172
0
1
0
0
0
96
172
0
1
0
0
0
96
172
0
1
0
0
0
96
172
0
1
0
0
0
100
172
0
1
0
0
0
104
172
0
1
0
0
0
108
172
0
1
0
0
0
112
172
0
1
0
0
0
112
172
0
1
0
0
0
112
172
0
1
0
0
0
112
172
0
1
0
0
0
112
172
0
1
0
0
0
112
172
0
1
0
0
0
112
172
0
1
0
0
0
112
172
0
1
0
0
0
112
172
0
1
0
0
0
116
172
0
1
0
0
0
120
172
0
1
0
0
0
124
172
0
1
0
0
0
128
172
0
1
0
0
0
132
172
1
1
0
0
0
136
172
1
1
0
0
0
140
172
1
1
0
0
0
140
172
0
1
0
0
0
140
172
0
1
0
0
0
140
172
0
1
0
0
0
140
172
0
1
0
0
0
140
172
0
1
0
0
0
140
172
0
1
0
0
0
140
172
0
1
0
0
0
140
172
0
1
0
0
0
140
172
0
1
0
0
0
140
172
0
1
0
0
0
140
168
0
1
0
0
0
140
164
0
1
0
0
0
140
160
0
1
0
0
0
140
156
0
1
0
0
0
140
152
0
1
0
0
0
140
148
0
1
0
0
0
140
144
0
1
0
0
0
140
140
0
1
0
0
0
140
136
0
1
0
0
0
140
132
0
1
0
0
0
140
128
0
1
0
0
0
140
124
0
1
0
0
0
140
125
0
1
0
0
0
140
126.50
0
1
0
0
0
140
128.50
0
1
0
0
0
140
131
0
1
0
0
0
140
134
0
1
0
0
0
140
137.50
0
1
0
0
0
140
141.50
0
1
0
0
0
140
146
0
1
0
0
0
140
151
0
1
0
0
0
140
156.50
0
1
0
0
0
140
162.50
0
1
0
0
0
140
169
0
1
0
0
0
140
169
0
1
0
0
0
140
169.50
0
1
0
0
0
140
170.50
0
1
0
0
0
140
172
0
1
0
0
0
140
172
0
1
0
0
0
140
172
0
1
0
0
0
140
172
0
1
0
0
0
140
172
0
1
0
0
0
140
172
0
1
0
0
0
144
172
0
1
0
0
0
148
172
0
1
0
0
0
152
172
0
1
0
0
0
156
172
0
1
0
0
0
160
168
1
1
0
0
0
164
164
1
1
0
0
0
168
160
1
1
0
0
0
172
156
1
1
0
0
0
176
152
1
1
0
0
0
180
148
2
1
0
0
0
184
144
2
1
0
0
0
184
140
0
1
0
0
0
184
136
0
1
0
0
0
184
132
0
1
0
0
0
184
128
0
1
0
0
0
184
124
0
1
0
0
0
184
125
0
1
0
0
0
184
126.50
0
1
0
0
0
184
128.50
0
1
0
0
0
184
131
0
1
0
0
0
184
134
0
1
0
0
0
184
137.50
0
1
0
0
0
184
141.50
0
1
0
0
0
184
146
0
1
0
0
0
184
151
0
1
0
0
0
184
156.50
0
1
0
0
0
184
162.50
0
1
0
0
0
184
169
0
1
0
0
0
188
169
0
1
0
0
0
192
165
0
1
0
0
0
196
161
0
1
0
0
0
200
157
0
1
0
0
0
204
153
1
1
0
0
0
208
149
1
1
0
0
0
212
145
1
1
0
0
0
216
141
1
1
0
0
0
220
137
1
1
0
0
0
224
133
2
1
0
0
0
224
129
0
1
0
0
0
224
125
0
1
0
0
0
224
121
0
1
0
0
0
224
122
0
1
0
0
0
224
123.50
0
1
0
0
0
224
125.50
0
1
0
0
0
224
128
0
1
0
0
0
224
131
0
1
0
0
0
224
134.50
0
1
0
0
0
224
138.50
0
1
0
0
0
224
143
0
1
0
0
0
224
148
0
1
0
0
0
224
153.50
0
1
0
0
0
224
159.50
0
1
0
0
0
224
166
0
1
0
0
0
224
173
0
1
0
0
0
224
180.50
0
1
0
0
0
224
188.50
0
1
0
0
0
224
197
0
1
0
0
0
224
206
0
1
0
0
0
224
215.50
0
1
0
0
0
224
225.50
0
1
0
0
1
224
236
0
1
0
0
11
224
247
0
1
0
0
22
224
258.50
0
1
0
0
33
224
258.50
0
1
0
0
44
224
259
0
1
0
0
44
224
260
0
1
0
0
45
224
261.50
0
1
0
0
46
224
263.50
0
1
0
0
47
224
266
0
1
0
0
49
224
266
0
1
0
0
52
224
266.50
0
1
0
0
52
224
267.50
0
1
0
0
52
224
267.50
0
1
0
0
53
224
268
0
1
0
0
53
224
268
0
1
0
0
54
224
268
0
1
0
0
54
224
268
0
1
0
0
54
224
268
0
1
0
0
54
224
268
0
1
0
0
54
224
268
0
1
0
0
54
224
268
0
1
0
0
54
224
268
0
1
0
0
54
224
268
0
1
0
0
54
224
268
0
1
0
0
54
224
268
0
1
0
0
54
224
268
0
1
0
0
54
224
268
0
1
0
0
54
224
268
0
1
0
0
54
224
268
0
1
0
0
54
224
268
0
1
0
0
54
224
268
0
1
0
0
54
224
268
0
1
0
0
54
224
268
0
1
0
0
54
224
268
0
1
0
0
54
224
268
0
1
0
0
54
224
268
0
1
0
0
54
224
268
0
1
0
0
54
224
268
0
1
0
0
54
224
268
0
1
0
0
54
224
268
0
1
0
0
54
224
268
0
1
0
0
54
224
268
0
1
0
0
54
224
268
0
1
0
0
54
228
268
0
1
0
0
54
232
268
0
1
0
0
54
236
268
0
1
0
0
54
240
268
0
1
0
0
54
244
268
1
1
0
0
54
244
268
0
1
0
0
54
244
268
0
1
0
0
54
244
268
0
1
0
0
54
244
268
0
1
0
0
54
244
268
0
1
0
0
54
244
268
0
1
0
0
54
248
268
0
1
0
0
54
252
268
0
1
0
0
54
256
268
0
1
0
0
54
260
268
0
1
0
0
54
264
268
1
1
0
0
54
268
268
1
1
0
0
54
268
268
0
1
0
0
54
268
268
0
1
0
0
54
268
268
0
1
0
0
54
268
268
0
1
0
0
54
268
268
0
1
0
0
54
268
268
0
1
0
0
54
268
268
0
1
0
0
54
268
268
0
1
0
0
54
268
268
0
1
0
0
54
268
264
0
1
0
0
54
272
260
0
1
0
0
50
276
256
0
1
0
0
46
280
252
0
1
0
0
42
284
248
0
1
0
0
38
288
244
1
1
0
0
34
292
240
1
1
0
0
30
296
236
1
1
0
0
26
300
232
1
1
0
0
22
304
228
1
1
0
0
18
308
224
2
1
0
0
14
312
220
2
1
0
0
10
316
216
2
1
0
0
6
320
212
2
1
0
0
2
320
208
2
1
0
0
0
320
204
3
1
0
0
0
320
200
3
1
0
0
0
320
196
3
1
0
0
0
320
192
3
1
0
0
0
320
188
3
1
0
0
0
320
184
4
1
0
0
0
320
180
4
1
0
0
0
320
176
4
1
0
0
0
320
172
4
1
0
0
0
324
168
4
1
0
0
0
328
164
5
1
0
0
0
332
165
5
1
0
0
0
336
166.50
5
1
0
0
0
340
168.50
5
1
0
0
0
344
171
5
1
0
0
0
348
171
6
1
0
0
0
352
167
6
1
0
0
0
356
163
6
1
0
0
0
360
159
6
1
0
0
0
364
155
6
1
0
0
0
368
151
7
1
0
0
0
368
147
0
1
0
0
0
368
143
0
1
0
0
0
368
139
0
1
0
0
0
368
135
0
1
0
0
0
368
131
0
1
0
0
0
368
127
0
1
0
0
0
368
123
0
1
0
0
0
368
124
0
1
0
0
0
368
125.50
0
1
0
0
0
368
127.50
0
1
0
0
0
368
130
0
1
0
0
0
368
133
0
1
0
0
0
368
136.50
0
1
0
0
0
368
140.50
0
1
0
0
0
368
145
0
1
0
0
0
368
150
0
1
0
0
0
368
155.50
0
1
0
0
0
368
161.50
0
1
0
0
0
368
168
0
1
0
0
0
368
168
0
1
0
0
0
368
168.50
0
1
0
0
0
368
169.50
0
1
0
0
0
368
171
0
1
0
0
0
368
171
0
1
0
0
0
368
171.50
0
1
0
0
0
368
171.50
0
1
0
0
0
368
172
0
1
0
0
0
368
172
0
1
0
0
0
368
172
0
1
0
0
0
368
172
0
1
0
0
0
368
172
0
1
0
0
0
368
172
0
1
0
0
0
368
172
0
1
0
0
0
368
172
0
1
0
0
0
368
172
0
1
0
0
0
368
172
0
1
0
0
0
368
172
0
1
0
0
0
368
172
0
1
0
0
0
368
172
0
1
0
0
0
368
172
0
1
0
0
0
368
172
0
1
0
0
0
368
172
0
1
0
0
0
368
172
0
1
0
0
0
368
172
0
1
0
0
0
368
172
0
1
0
0
0
368
172
0
1
0
0
0
368
172
0
1
0
0
0
368
172
0
1
0
0
0
368
172
0
1
0
0
0
368
172
0
1
0
0
0
368
172
0
1
0
0
0
368
172
0
1
0
0
0
368
172
0
1
0
0
0
368
172
0
1
0
0
0
368
172
0
1
0
0
0
368
172
0
1
0
0
0
368
172
0
1
0
0
0
368
172
0
1
0
0
0
368
168
0
1
0
0
0
368
164
0
1
0
0
0
368
160
0
1
0
0
0
368
156
0
1
0
0
0
368
152
0
1
0
0
0
368
148
0
1
0
0
0
368
144
0
1
0
0
0
368
140
0
1
0
0
0
368
136
0
1
0
0
0
368
132
0
1
0
0
0
368
128
0
1
0
0
0
368
124
0
1
0
0
0
368
125
0
1
0
0
0
368
126.50
0
1
0
0
0
368
128.50
0
1
0
0
0
368
131
0
1
0
0
0
368
134
0
1
0
0
0
368
137.50
0
1
0
0
0
368
141.50
0
1
0
0
0
368
146
0
23
1
0
0
368
151
0
23
1
0
0
368
156.50
0
23
1
0
0
368
162.50
1
23
1
0
0
368
169
2
23
1
0
0
368
169
3
23
1
0
0
368
169.50
3
23
1
0
0
368
170.50
3
23
1
0
0
368
172
3
23
1
0
0
368
172
2
23
1
0
0
368
172
2
23
1
0
0
368
172
0
23
0
0
0
368
172
0
23
0
0
0
368
172
0
23
0
0
0
368
172
0
23
1
0
0
368
172
0
23
1
0
0
368
172
0
23
1
0
0
368
172
1
23
1
0
0
368
172
2
23
1
0
0
368
172
3
23
1
0
0
368
172
3
23
1
0
0
368
172
3
23
1
0
0
368
172
3
23
1
0
0
368
172
2
23
1
0
0
368
172
2
23
1
0
0
368
172
0
23
0
0
0
368
172
0
23
0
0
0
368
172
0
23
0
0
0
368
172
0
23
0
0
0
368
172
0
23
0
0
0
368
172
0
23
0
0
0
368
172
0
23
0
0
0
368
172
0
23
0
0
0
368
172
0
23
0
0
0
368
172
0
23
0
0
0
368
172
0
23
0
0
0
368
172
0
23
0
0
0
368
172
0
23
0
0
0
368
172
0
23
0
0
0
368
172
0
23
0
0
0
368
172
0
23
0
0
0
368
172
0
23
0
0
0
368
172
0
23
0
0
0
368
172
0
23
0
0
0
368
172
0
23
0
0
0
368
172
0
23
0
0
0
368
172
0
23
0
0
0
368
172
0
23
0
0
0
368
172
0
23
0
0
0
368
172
0
23
0
0
0
368
172
0
23
0
0
0
368
172
0
23
0
0
0
368
172
0
23
0
0
0
368
172
0
23
0
0
0
368
172
0
23
0
0
0
368
172
0
23
0
0
0
368
172
0
23
0
0
0
368
172
0
23
0
0
0
368
172
0
23
0
0
0
368
172
0
23
0
0
0
368
172
0
23
0
0
0
368
172
0
23
0
0
0
368
172
0
23
0
0
0
368
172
0
23
0
0
0
368
172
0
23
0
0
0
368
172
0
23
0
0
0
368
172
0
23
0
0
0
368
172
0
23
0
0
0
368
172
0
23
0
0
0
368
172
0
23
0
0
0
368
172
0
23
0
0
0
368
172
0
23
0
0
0
368
172
0
23
0
0
0
368
172
0
23
0
0
0
368
172
0
23
0
0
0
368
172
0
23
0
0
0
368
168
0
23
0
0
0
368
164
0
23
0
0
0
368
160
0
23
0
0
0
368
156
0
23
0
0
0
368
152
0
23
0
0
0
368
148
0
23
0
0
0
368
144
0
23
0
0
0
368
140
0
23
0
0
0
368
136
0
23
0
0
0
368
132
0
23
0
0
0
368
128
0
23
0
0
0
368
124
0
23
0
0
0
368
125
0
23
0
0
0
368
126.50
0
23
0
0
0
368
128.50
0
23
0
0
0
368
131
0
23
0
0
0
368
134
0
23
0
0
0
368
137.50
0
23
0
0
0
368
141.50
0
23
0
0
0
368
146
0
23
0
0
0
368
151
0
23
0
0
0
368
156.50
0
23
0
0
0
368
162.50
0
23
0
0
0
368
169
0
23
0
0
0
368
169
0
23
0
0
0
368
169.50
0
23
0
0
0
368
170.50
0
23
0
0
0
368
172
0
23
0
0
0
368
172
0
23
0
0
0
368
172
0
23
0
0
0
368
172
0
23
0
0
0
368
172
0
23
0
0
0
368
172
0
23
0
0
0
368
172
0
23
0
0
0
368
172
0
23
0
0
0
368
172
0
23
0
0
0
368
172
0
23
0
0
0
368
172
0
23
0
0
0
368
172
0
23
0
0
0
368
172
0
23
0
0
0
368
172
0
23
0
0
0
368
172
0
23
0
0
0
368
172
0
23
0
0
0
368
172
0
23
0
0
0
368
172
0
23
0
0
0
368
172
0
23
0
0
0
368
172
0
23
0
0
0
368
172
0
23
0
0
0
368
172
0
23
0
0
0
368
172
0
23
0
0
0
368
172
0
23
0
0
0
368
172
0
23
0
0
0
368
172
0
23
0
0
0
368
172
0
23
0
0
0
368
172
0
23
0
0
0
368
172
0
23
0
0
0
368
172
0
23
0
0
0
368
172
0
23
0
0
0
368
172
0
23
0
0
0
368
172
0
23
0
0
0
368
172
0
23
0
0
0
368
172
0
23
0
0
0
364
172
0
18
0
0
0
360
172
0
18
0
0
0
356
172
0
18
0
0
0
352
172
0
18
0
0
0
348
172
0
18
0
0
0
344
172
1
18
0
0
0
344
172
0
18
0
0
0
344
172
0
18
0
0
0
344
172
0
18
0
0
0
344
172
0
18
0
0
0
344
172
0
18
0
0
0
344
172
0
18
0
0
0
344
172
0
18
0
0
0
344
172
0
18
0
0
0
344
172
0
18
0
0
0
344
172
0
18
0
0
0
344
172
0
18
0
0
0
344
172
0
18
0
0
0
344
172
0
18
0
0
0
344
172
0
18
0
0
0
344
172
0
18
0
0
0
344
172
0
18
0
0
0
344
172
0
18
0
0
0
344
172
0
18
0
0
0
344
172
0
18
0
0
0
344
172
0
18
0
0
0
340
168
0
18
0
0
0
336
164
0
18
0
0
0
332
160
0
18
0
0
0
328
156
0
18
0
0
0
324
152
1
18
0
0
0
320
148
1
18
0
0
0
316
144
1
18
0
0
0
312
140
1
18
0
0
0
312
136
0
18
0
0
0
312
132
0
18
0
0
0
312
128
0
18
0
0
0
312
124
0
18
0
0
0
312
120
0
18
0
0
0
312
116
0
18
0
0
0
312
112
0
18
0
0
0
312
108
0
18
0
0
0
312
104
0
18
0
0
0
312
100
0
18
0
0
0
312
96
0
18
0
0
0
312
92
0
18
0
0
0
312
88
0
18
0
0
0
312
84
0
18
0
0
0
312
80
0
18
0
0
0
312
76
0
18
0
0
0
312
72
0
18
0
0
0
312
68
0
18
0
0
0
312
69
0
18
0
0
0
312
70.50
0
18
0
0
0
312
72.50
0
18
0
0
0
312
75
0
18
0
0
0
312
78
0
18
0
0
0
312
81.50
0
18
0
0
0
312
85.50
0
18
0
0
0
312
90
0
18
0
0
0
312
95
0
18
0
0
0
312
100.50
0
18
0
0
0
312
106.50
0
18
0
0
0
312
113
0
18
0
0
0
312
120
0
18
0
0
0
312
127.50
0
18
0
0
0
312
135.50
0
18
0
0
0
312
144
0
18
0
0
0
312
153
0
18
0
0
0
312
162.50
0
18
0
0
0
312
172.50
0
18
0
0
0
312
183
0
18
0
0
0
312
194
0
18
0
0
0
312
205.50
0
18
0
0
0
312
217.50
0
18
0
0
0
312
229.50
0
18
0
0
3
312
241.50
0
18
0
0
15
312
253.50
0
18
0
0
27
312
265.50
0
18
0
0
39
312
265.50
0
18
0
0
51
312
266
0
18
0
0
51
312
267
0
18
0
0
52
312
267
0
18
0
0
53
312
267.50
0
18
0
0
53
312
267.50
0
18
0
0
53
312
268
0
18
0
0
53
312
268
0
18
0
0
54
312
268
0
18
0
0
54
312
268
0
18
0
0
54
312
268
0
18
0
0
54
312
268
0
18
0
0
54
312
268
0
18
0
0
54
312
268
0
18
0
0
54
312
268
0
18
0
0
54
312
268
0
18
0
0
54
312
268
0
18
0
0
54
312
268
0
18
0
0
54
312
268
0
18
0
0
54
312
268
0
18
0
0
54
312
268
0
18
0
0
54
312
268
0
18
0
0
54
312
268
0
18
0
0
54
312
268
0
18
0
0
54
312
268
0
18
0
0
54
312
268
0
18
0
0
54
312
268
0
18
0
0
54
312
268
0
18
0
0
54
312
268
0
18
0
0
54
312
268
0
18
0
0
54
312
268
0
18
0
0
54
312
268
0
18
0
0
54
312
268
0
18
0
0
54
312
268
0
18
0
0
54
312
268
0
18
0
0
54
312
268
0
18
0
0
54
312
268
0
18
0
0
54
312
268
0
18
0
0
54
312
268
0
18
0
0
54
312
268
0
18
0
0
54
312
268
0
18
0
0
54
308
268
0
18
0
0
54
304
268
0
18
0
0
54
300
268
0
18
0
0
54
296
268
0
18
0
0
54
292
268
1
18
0
0
54
288
268
1
18
0
0
54
288
268
0
18
0
0
54
288
268
0
18
0
0
54
288
268
0
18
0
0
54
288
268
0
18
0
0
54
288
268
0
18
0
0
54
284
268
0
18
0
0
54
280
268
0
18
0
0
54
276
268
0
18
0
0
54
272
268
0
18
0
0
54
268
268
1
18
0
0
54
264
268
1
18
0
0
54
264
268
0
18
0
0
54
264
268
0
18
0
0
54
264
268
0
18
0
0
54
264
268
0
18
0
0
54
260
268
0
18
0
0
54
256
268
0
18
0
0
54
252
268
0
18
0
0
54
248
268
0
18
0
0
54
244
268
1
18
0
0
54
240
268
1
18
0
0
54
240
268
0
18
0
0
54
240
268
0
18
0
0
54
240
268
0
18
0
0
54
240
268
0
18
0
0
54
236
268
0
18
0
0
54
232
268
0
18
0
0
54
228
268
0
18
0
0
54
224
268
0
18
0
0
54
220
268
1
18
0
0
54
216
268
1
18
0
0
54
216
268
0
18
0
0
54
216
268
0
18
0
0
54
216
268
0
18
0
0
54
216
268
0
18
0
0
54
216
268
0
18
0
0
54
216
268
0
18
0
0
54
216
268
0
18
0
0
54
216
268
0
18
0
0
54
212
268
0
18
0
0
54
208
268
0
18
0
0
54
204
268
0
18
0
0
54
200
268
0
18
0
0
54
196
268
1
18
0
0
54
192
268
1
18
0
0
54
192
268
0
18
0
0
54
192
268
0
18
0
0
54
192
268
0
18
0
0
54
192
268
0
18
0
0
54
192
268
0
18
0
0
54
192
268
0
18
0
0
54
192
268
0
18
0
0
54
192
268
0
18
0
0
54
192
268
0
18
0
0
54
192
268
0
18
0
0
54
192
268
0
18
0
0
54
192
268
0
18
0
0
54
192
268
0
18
0
0
54
192
268
0
18
0
0
54
192
268
0
18
0
0
54
188
268
0
18
0
0
54
184
268
0
18
0
0
54
180
268
0
18
0
0
54
176
268
0
18
0
0
54
172
268
1
18
0
0
54
168
268
1
18
0
0
54
164
268
1
18
0
0
54
160
268.50
1
18
0
0
54
160
269.50
1
18
0
0
54
160
271
2
18
0
0
55
160
273
2
18
0
0
57
160
275.50
2
18
0
0
59
160
278.50
2
18
0
0
61
160
282
2
18
0
0
64
160
286
3
18
0
0
68
160
290.50
3
18
0
0
72
156
295.50
3
18
0
0
76
152
301
3
18
0
0
81
148
307
3
18
0
0
87
144
313.50
4
18
0
0
93
140
320.50
4
18
0
0
99
136
328
4
18
0
0
106
132
336
4
18
0
0
114
128
344.50
4
18
0
0
122
128
353.50
0
18
0
0
130
128
363
0
18
0
0
139
128
363
0
18
0
0
149
128
363.50
0
18
0
0
149
128
363.50
0
18
0
0
149
128
364
0
18
0
0
149
128
364
0
18
0
0
150
128
364
0
18
0
0
150
128
364
0
18
0
0
150
128
364
0
18
0
0
150
128
364
0
18
0
0
150
128
364
0
18
0
0
150
128
364
0
18
0
0
150
128
364
0
18
0
0
150
128
364
0
18
0
0
150
128
364
0
18
0
0
150
128
364
0
18
0
0
150
128
364
0
18
0
0
150
128
364
0
18
0
0
150
128
364
0
18
0
0
150
128
364
0
18
0
0
150
128
364
0
18
0
0
150
128
364
0
18
0
0
150
128
364
0
18
0
0
150
128
364
0
18
0
0
150
128
364
0
18
0
0
150
128
364
0
18
0
0
150
128
364
0
18
0
0
150
128
364
0
18
0
0
150
128
364
0
18
0
0
150
128
364
0
18
0
0
150
128
364
0
18
0
0
150
128
364
0
18
0
0
150
128
364
0
18
0
0
150
128
364
0
18
0
0
150
128
364
0
18
0
0
150
128
364
0
18
0
0
150
128
364
0
18
0
0
150
128
364
0
18
0
0
150
128
364
0
18
0
0
150
128
364
0
18
0
0
150
128
364
0
18
0
0
150
128
364
0
18
0
0
150
128
364
0
18
0
0
150
128
364
0
18
0
0
150
128
364
0
18
0
0
150
128
364
0
18
0
0
150
128
364
0
18
0
0
150
128
364
0
18
0
0
150
128
364
0
18
0
0
150
128
364
0
18
0
0
150
128
364
0
18
0
0
150
128
364
0
18
0
0
150
128
364
0
18
0
0
150
128
364
0
18
0
0
150
128
364
0
18
0
0
150
128
364
0
18
0
0
150
128
364
0
18
0
0
150
128
364
0
18
0
0
150
128
364
0
18
0
0
150
128
364
0
18
0
0
150
128
364
0
18
0
0
150
128
364
0
18
0
0
150
128
364
0
18
0
0
150
128
364
0
18
0
0
150
128
364
0
18
0
0
150
128
364
0
18
0
0
150
128
364
0
18
0
0
150
128
364
0
18
0
0
150
128
364
0
18
0
0
150
128
364
0
29
1
0
150
128
364
0
29
1
0
150
128
364
0
29
1
0
150
128
364
1
29
1
0
150
128
364
2
29
1
0
150
128
364
3
29
1
0
150
128
364
3
29
1
0
150
128
364
3
29
1
0
150
128
364
3
29
1
0
150
128
364
2
29
1
0
150
128
364
2
29
1
0
150
128
364
0
29
0
0
150
128
364
0
29
0
0
150
128
364
0
29
0
0
150
128
364
0
29
0
0
150
128
364
0
29
0
0
150
128
364
0
29
0
0
150
128
364
0
29
0
0
150
128
364
0
29
0
0
150
128
364
0
29
0
0
150
128
364
0
29
0
0
150
128
364
0
29
0
0
150
128
364
0
29
0
0
150
128
364
0
29
0
0
150
128
364
0
29
0
0
150
128
364
0
29
0
0
150
128
364
0
29
0
0
150
128
364
0
29
0
0
150
128
364
0
29
0
0
150
128
364
0
29
0
0
150
128
364
0
29
0
0
150
128
364
0
29
0
0
150
128
364
0
29
0
0
150
128
364
0
29
0
0
150
128
364
0
29
0
0
150
128
364
0
29
0
0
150
128
364
0
29
0
0
150
128
364
0
29
0
0
150
128
364
0
29
0
0
150
128
364
0
29
0
0
150
128
364
0
29
0
0
150
128
364
0
29
0
0
150
128
364
0
29
0
0
150
128
364
0
29
0
0
150
128
364
0
29
0
0
150
128
364
0
29
0
0
150
128
364
0
29
0
0
150
128
364
0
29
0
0
150
128
364
0
29
0
0
150
128
364
0
29
0
0
150
128
364
0
29
0
0
150
128
364
0
29
0
0
150
128
364
0
29
0
0
150
128
364
0
29
0
0
150
128
364
0
29
0
0
150
128
364
0
29
0
0
150
128
364
0
29
0
0
150
128
364
0
29
0
0
150
128
364
0
29
0
0
150
128
364
0
29
0
0
150
128
364
0
29
0
0
150
128
364
0
29
0
0
150
128
364
0
29
0
0
150
128
364
0
29
0
0
150
128
364
0
29
0
0
150
128
364
0
29
0
0
150
128
364
0
29
0
0
150
128
364
0
29
0
0
150
128
364
0
29
0
0
150
128
364
0
29
0
0
150
128
364
0
29
0
0
150
128
364
0
29
1
0
150
128
364
0
29
1
0
150
128
364
0
29
1
0
150
128
364
1
29
1
0
150
128
364
2
29
1
0
150
128
364
3
29
1
0
150
128
364
3
29
1
0
150
128
364
3
29
1
0
150
128
364
3
29
1
0
150
128
364
2
29
1
0
150
128
364
2
29
1
0
150
128
364
0
29
0
0
150
128
364
0
29
0
0
150
128
364
0
29
0
0
150
128
364
0
29
0
0
150
128
364
0
29
0
0
150
128
364
0
29
0
0
150
128
364
0
29
1
0
150
128
364
0
29
1
0
150
128
364
0
29
1
0
150
128
364
1
29
1
0
150
128
364
2
29
1
0
150
128
364
3
29
1
0
150
128
364
3
29
1
0
150
128
364
3
29
1
0
150
128
364
3
29
1
0
150
128
364
2
29
1
0
150
128
364
2
29
1
0
150
128
364
0
29
0
0
150
128
364
0
29
0
0
150
128
364
0
29
0
0
150
128
364
0
29
0
0
150
128
364
0
29
0
0
150
128
364
0
29
1
0
150
128
364
0
29
1
0
150
128
364
0
29
1
0
150
128
364
1
29
1
0
150
128
364
2
29
1
0
150
128
364
3
29
1
0
150
128
364
3
29
1
0
150
128
364
3
29
1
0
150
128
364
3
29
1
0
150
128
364
2
29
1
0
150
128
364
2
29
1
0
150
128
364
0
29
0
0
150
128
364
0
29
0
0
150
128
364
0
29
0
0
150
128
364
0
29
0
0
150
128
364
0
29
0
0
150
128
364
0
29
0
0
150
128
364
0
29
0
0
150
128
364
0
29
0
0
150
128
364
0
29
1
0
150
128
364
0
29
1
0
150
128
364
0
29
1
0
150
128
364
1
29
1
0
150
128
364
2
29
1
0
150
128
364
3
29
1
0
150
128
364
3
29
1
0
150
128
364
3
29
1
0
150
128
364
3
29
1
0
150
128
364
2
29
1
0
150
128
364
2
29
1
0
150
128
364
0
29
0
0
150
128
364
0
29
0
0
150
128
364
0
29
0
0
150
128
364
0
29
0
0
150
128
364
0
29
0
0
150
128
364
0
29
0
0
150
128
364
0
29
0
0
150
128
364
0
29
0
0
150
128
364
0
29
0
0
150
128
364
0
29
0
0
150
128
364
0
29
0
0
150
128
364
0
29
0
0
150
128
364
0
29
0
0
150
128
364
0
29
0
0
150
128
364
0
29
0
0
150
128
364
0
29
0
0
150
128
364
0
29
0
0
150
128
364
0
29
0
0
150
128
364
0
29
0
0
150
128
364
0
29
0
0
150
128
364
0
29
0
0
150
128
364
0
29
0
0
150
128
364
0
29
0
0
150
128
364
0
29
0
0
150
128
364
0
29
0
0
150
128
364
0
29
0
0
150
128
364
0
29
0
0
150
128
364
0
29
0
0
150
128
364
0
29
0
0
150
128
364
0
29
0
0
150
128
364
0
29
0
0
150
128
364
0
29
0
0
150
128
364
0
29
0
0
150
128
364
0
29
0
0
150
128
364
0
29
0
0
150
128
364
0
29
0
0
150
128
364
0
29
0
0
150
128
364
0
29
0
0
150
128
364
0
29
0
0
150
128
364
0
29
0
0
150
128
364
0
29
0
0
150
128
364
0
29
0
0
150
128
364
0
29
0
0
150
128
364
0
29
0
0
150
128
364
0
29
0
0
150
128
364
0
29
0
0
150
128
364
0
29
0
0
150
128
364
0
29
0
0
150
128
364
0
29
0
0
150
128
360
0
29
0
0
150
128
356
0
29
1
0
146
128
352
0
29
1
0
142
128
348
0
29
1
0
138
128
344
1
29
1
0
134
128
340
2
29
1
0
130
128
336
3
29
1
0
126
128
332
3
29
1
0
122
128
328
3
29
1
0
118
128
324
3
29
1
0
114
128
320
2
29
1
0
110
128
316
2
29
1
0
106
128
317
0
29
0
0
102
128
318.50
0
29
0
0
103
128
320.50
0
29
0
0
104
128
323
0
29
0
0
106
128
326
0
29
1
0
109
128
329.50
0
29
1
0
112
128
333.50
0
29
1
0
115
128
338
1
29
1
0
119
128
343
2
29
1
0
124
128
348.50
3
29
1
0
129
128
354.50
3
29
1
0
134
128
361
3
29
1
0
140
128
361
3
29
1
0
147
128
361.50
2
29
1
0
147
128
362.50
2
29
1
0
147
128
364
0
29
0
0
148
128
364
0
29
0
0
150
128
364
0
29
0
0
150
128
364
0
29
0
0
150
128
364
0
29
0
0
150
128
364
0
29
0
0
150
128
364
0
29
0
0
150
128
364
0
29
0
0
150
128
364
0
29
0
0
150
128
364
0
29
0
0
150
128
364
0
29
0
0
150
128
364
0
29
0
0
150
128
364
0
29
0
0
150
128
364
0
29
0
0
150
128
364
0
29
0
0
150
128
364
0
29
0
0
150
128
364
0
29
0
0
150
128
364
0
29
0
0
150
128
364
0
29
0
0
150
128
364
0
29
1
0
150
128
364
0
29
1
0
150
128
360
0
29
1
0
150
128
356
1
29
1
0
146
128
352
2
29
1
0
142
128
348
3
29
1
0
138
128
344
3
29
1
0
134
128
340
3
29
1
0
130
128
336
3
29
1
0
126
128
332
2
29
1
0
122
128
328
2
29
1
0
118
128
324
0
29
0
0
114
128
320
0
29
0
0
110
128
316
0
29
0
0
106
128
317
0
29
0
0
102
128
318.50
0
29
0
0
103
128
320.50
0
29
0
0
104
128
323
0
29
0
0
106
128
326
0
29
0
0
109
128
329.50
0
29
0
0
112
128
333.50
0
29
0
0
115
128
338
0
29
0
0
119
128
343
0
29
0
0
124
128
348.50
0
29
0
0
129
128
354.50
0
29
0
0
134
128
361
0
29
0
0
140
128
361
0
29
0
0
147
128
361.50
0
29
0
0
147
128
362.50
0
29
0
0
147
128
364
0
29
0
0
148
128
364
0
29
0
0
150
128
364
0
29
0
0
150
128
364
0
29
0
0
150
128
364
0
29
0
0
150
128
364
0
29
0
0
150
128
364
0
29
0
0
150
128
364
0
29
0
0
150
128
364
0
29
0
0
150
128
364
0
29
0
0
150
128
364
0
29
0
0
150
128
364
0
29
0
0
150
128
364
0
29
0
0
150
128
364
0
29
0
0
150
128
364
0
29
0
0
150
128
364
0
29
0
0
150
128
364
0
29
0
0
150
128
364
0
29
0
0
150
128
364
0
29
0
0
150
128
364
0
29
0
0
150
128
364
0
29
0
0
150
128
364
0
29
0
0
150
128
364
0
29
0
0
150
128
364
0
29
0
0
150
128
364
0
29
0
0
150
128
364
0
29
0
0
150
128
364
0
29
0
0
150
128
364
0
29
0
0
150
128
364
0
29
0
0
150
128
364
0
29
0
0
150
124
364
0
18
0
0
150
120
364
0
18
0
0
150
116
364
0
18
0
0
150
112
364
0
18
0
0
150
112
364
0
18
0
0
150
112
364
0
18
0
0
150
112
364
0
18
0
0
150
112
364
0
18
0
0
150
112
364
0
18
0
0
150
112
364
0
18
0
0
150
112
364
0
18
0
0
150
112
364
0
18
0
0
150
112
364
0
18
0
0
150
112
364
0
18
0
0
150
112
364
0
18
0
0
150
112
364
0
18
0
0
150
112
364
0
18
0
0
150
112
364
0
18
0
0
150
112
364
0
18
0
0
150
112
364
0
18
0
0
150
112
364
0
18
0
0
150
112
364
0
18
0
0
150
112
364
0
18
0
0
150
112
364
0
18
0
0
150
112
364
0
18
0
0
150
112
364
0
18
0
0
150
112
364
0
18
0
0
150
112
364
0
18
0
0
150
112
364
0
18
0
0
150
112
364
0
18
0
0
150
112
364
0
18
0
0
150
112
364
0
18
0
0
150
112
364
0
18
0
0
150
112
364
0
18
0
0
150
112
364
0
18
0
0
150
112
364
0
18
0
0
150
112
364
0
18
0
0
150
112
364
0
18
0
0
150
112
364
0
18
0
0
150
112
364
0
18
0
0
150
112
364
0
18
0
0
150
112
364
0
18
0
0
150
112
364
0
18
0
0
150
112
364
0
18
0
0
150
112
364
0
18
0
0
150
112
364
0
18
0
0
150
112
364
0
18
0
0
150
112
364
0
18
0
0
150
112
364
0
18
0
0
150
112
364
0
18
0
0
150
112
364
0
18
0
0
150
112
364
0
18
0
0
150
112
364
0
18
0
0
150
112
364
0
18
0
0
150
112
364
0
18
0
0
150
112
364
0
18
0
0
150
112
364
0
18
0
0
150
112
364
0
18
0
0
150
112
364
0
18
0
0
150
112
364
0
18
0
0
150
112
364
0
18
0
0
150
112
364
0
18
0
0
150
112
364
0
18
0
0
150
112
364
0
18
0
0
150
112
364
0
18
0
0
150
112
364
0
18
0
0
150
112
364
0
18
0
0
150
112
364
0
18
0
0
150
112
364
0
18
0
0
150
112
364
0
18
0
0
150
112
364
0
18
0
0
150
112
364
0
18
0
0
150
112
364
0
18
0
0
150
112
364
0
18
0
0
150
112
364
0
18
0
0
150
112
364
0
18
0
0
150
112
364
0
18
0
0
150
112
364
0
18
0
0
150
112
364
0
18
0
0
150
112
364
0
18
0
0
150
112
364
0
18
0
0
150
112
364
0
18
0
0
150
112
364
0
18
0
0
150
112
364
0
18
0
0
150
112
364
0
18
0
0
150
112
364
0
18
0
0
150
112
364
0
18
0
0
150
112
364
0
18
0
0
150
112
364
0
18
0
0
150
112
364
0
18
0
0
150
112
364
0
18
0
0
150
112
364
0
18
0
0
150
112
364
0
18
0
0
150
112
364
0
18
0
0
150
112
364
0
18
0
0
150
112
364
0
18
0
0
150
112
364
0
18
0
0
150
112
364
0
18
0
0
150
112
364
0
18
0
0
150
112
364
0
18
0
0
150
112
364
0
18
0
0
150
112
364
0
18
0
0
150
112
364
0
18
0
0
150
112
364
0
18
0
0
150
112
364
0
18
0
0
150
112
364
0
18
0
0
150
112
364
0
18
0
0
150
112
364
0
18
0
0
150
112
364
0
18
0
0
150
112
364
0
18
0
0
150
112
364
0
18
0
0
150
112
364
0
18
0
0
150
112
364
0
18
0
0
150
112
364
0
18
0
0
150
112
364
0
18
0
0
150
112
364
0
18
0
0
150
112
364
0
18
0
0
150
112
364
0
18
0
0
150
112
364
0
18
0
0
150
112
364
0
18
0
0
150
112
364
0
18
0
0
150
112
364
0
18
0
0
150
112
364
0
18
0
0
150
112
364
0
18
0
0
150
112
364
0
18
0
0
150
112
364
0
18
0
0
150
112
364
0
18
0
0
150
112
364
0
18
0
0
150
112
364
0
18
0
0
150
112
364
0
18
0
0
150
116
364
0
1
0
0
150
120
364
0
1
0
0
150
124
364
0
1
0
0
150
128
364
0
1
0
0
150
132
364
0
1
0
0
150
136
364
1
1
0
0
150
136
364
0
1
0
0
150
136
364
0
1
0
0
150
136
364
0
1
0
0
150
136
364
0
1
0
0
150
136
364
0
1
0
0
150
136
364
0
1
0
0
150
136
364
0
1
0
0
150
136
364
0
1
0
0
150
136
364
0
1
0
0
150
136
364
0
1
0
0
150
136
364
0
1
0
0
150
136
364
0
1
0
0
150
136
364
0
1
0
0
150
136
364
0
1
0
0
150
136
364
0
1
0
0
150
136
364
0
1
0
0
150
136
364
0
1
0
0
150
136
364
0
1
0
0
150
136
364
0
1
0
0
150
136
364
0
1
0
0
150
136
364
0
1
0
0
150
136
364
0
1
0
0
150
136
364
0
1
0
0
150
136
364
0
1
0
0
150
136
364
0
1
0
0
150
136
364
0
1
0
0
150
136
364
0
1
0
0
150
136
364
0
1
0
0
150
136
364
0
1
0
0
150
136
364
0
1
0
0
150
136
364
0
1
0
0
150
136
364
0
1
0
0
150
136
364
0
1
0
0
150
136
364
0
1
0
0
150
136
364
0
1
0
0
150
136
364
0
1
0
0
150
136
364
0
1
0
0
150
136
364
0
1
0
0
150
136
364
0
1
0
0
150
136
364
0
1
0
0
150
136
364
0
1
0
0
150
136
364
0
1
0
0
150
136
364
0
1
0
0
150
136
364
0
1
0
0
150
136
364
0
1
0
0
150
136
364
0
1
0
0
150
136
364
0
1
0
0
150
136
364
0
1
0
0
150
140
360
0
1
0
0
150
144
356
0
1
0
0
146
148
352
0
1
0
0
142
152
348
0
1
0
0
138
156
344
1
1
0
0
134
160
340
1
1
0
0
130
160
336
1
1
0
0
126
160
332
0
1
0
0
122
160
328
0
1
0
0
118
160
324
0
1
0
0
114
160
320
0
1
0
0
110
160
316
0
1
0
0
106
160
317
0
1
0
0
102
160
318.50
0
1
0
0
103
160
320.50
0
1
0
0
104
160
323
0
1
0
0
106
160
326
0
1
0
0
109
160
329.50
0
1
0
0
112
160
333.50
0
1
0
0
115
160
338
0
1
0
0
119
160
343
0
1
0
0
124
160
348.50
0
1
0
0
129
160
354.50
0
1
0
0
134
160
361
0
1
0
0
140
160
368
0
1
0
0
147
160
375.50
0
1
0
0
154
160
383.50
0
1
0
0
161
160
392
0
1
0
0
169
160
401
0
1
0
0
178
160
410.50
0
1
0
0
187
160
420.50
0
1
0
0
196
160
431
0
1
0
0
206
160
442
0
1
0
0
217
160
453.50
0
1
0
0
228
160
465.50
0
1
0
0
239
160
477.50
0
1
0
0
251
160
489.50
0
1
0
0
263
160
489.50
0
1
0
0
275
160
490
0
1
0
0
275
160
491
0
1
0
0
276
160
491
0
1
0
0
277
160
491.50
0
1
0
0
277
160
491.50
0
1
0
0
277
160
492
0
1
0
0
277
160
492
0
1
0
0
278
160
492
0
1
0
0
278
160
492
0
1
0
0
278
160
492
0
1
0
0
278
160
492
0
1
0
0
278
160
492
0
1
0
0
278
160
492
0
1
0
0
278
160
492
0
1
0
0
278
160
492
0
1
0
0
278
160
492
0
1
0
0
278
160
492
0
1
0
0
278
160
492
0
1
0
0
278
160
492
0
1
0
0
278
160
492
0
1
0
0
278
160
492
0
1
0
0
278
160
492
0
1
0
0
278
160
492
0
1
0
0
278
160
492
0
1
0
0
278
160
492
0
1
0
0
278
160
492
0
1
0
0
278
160
492
0
1
0
0
278
160
492
0
1
0
0
278
160
492
0
1
0
0
278
160
492
0
1
0
0
278
160
492
0
1
0
0
278
160
492
0
1
0
0
278
160
492
0
1
0
0
278
160
492
0
1
0
0
278
160
492
0
1
0
0
278
160
492
0
1
0
0
278
160
492
0
1
0
0
278
160
492
0
1
0
0
278
160
492
0
1
0
0
278
160
492
0
1
0
0
278
160
492
0
1
0
0
278
160
492
0
1
0
0
278
160
492
0
1
0
0
278
160
492
0
1
0
0
278
160
492
0
1
0
0
278
160
492
0
1
0
0
278
160
492
0
1
0
0
278
160
492
0
1
0
0
278
160
492
0
1
0
0
278
160
492
0
1
0
0
278
160
492
0
1
0
0
278
160
492
0
1
0
0
278
160
492
0
1
0
0
278
160
492
0
1
0
0
278
160
492
0
1
0
0
278
160
492
0
1
0
0
278
160
492
0
1
0
0
278
160
492
0
1
0
0
278
160
492
0
1
0
0
278
160
492
0
1
0
0
278
160
492
0
1
0
0
278
160
492
0
1
0
0
278
160
492
0
1
0
0
278
160
492
0
1
0
0
278
160
492
0
1
0
0
278
160
492
0
1
0
0
278
160
492
0
1
0
0
278
160
492
0
1
0
0
278
160
492
0
1
0
0
278
160
492
0
1
0
0
278
160
492
0
1
0
0
278
160
492
0
1
0
0
278
160
492
0
1
0
0
278
160
492
0
1
0
0
278
164
492
0
1
0
0
278
168
492
0
1
0
0
278
172
492
0
1
0
0
278
176
492
0
1
0
0
278
180
492
1
1
0
0
278
184
492
1
1
0
0
278
188
492
1
1
0
0
278
192
492
1
1
0
0
278
192
492
0
1
0
0
278
192
492
0
1
0
0
278
192
492
0
1
0
0
278
192
492
0
1
0
0
278
192
492
0
1
0
0
278
196
492
0
1
0
0
278
200
492
0
1
0
0
278
204
492
0
1
0
0
278
208
492
0
1
0
0
278
212
492
1
1
0
0
278
216
492
1
1
0
0
278
220
492
1
1
0
0
278
220
492
0
1
0
0
278
220
492
0
1
0
0
278
220
492
0
1
0
0
278
220
492
0
1
0
0
278
220
492
0
1
0
0
278
220
492
0
1
0
0
278
220
492
0
1
0
0
278
220
492
0
1
0
0
278
220
492
0
1
0
0
278
220
492
0
1
0
0
278
220
492
0
1
0
0
278
220
492
0
1
0
0
278
220
492
0
1
0
0
278
220
492
0
1
0
0
278
220
492
0
1
0
0
278
220
492
0
1
0
0
278
220
492
0
1
0
0
278
220
492
0
1
0
0
278
220
492
0
1
0
0
278
220
492
0
1
0
0
278
220
492
0
1
0
0
278
220
492
0
1
0
0
278
220
492
0
1
0
0
278
220
492
0
1
0
0
278
220
492
0
1
0
0
278
220
492
0
1
0
0
278
220
492
0
1
0
0
278
220
492
0
1
0
0
278
220
492
0
1
0
0
278
220
492
0
1
0
0
278
220
492
0
1
0
0
278
220
492
0
1
0
0
278
220
492
0
1
0
0
278
220
492
0
1
0
0
278
220
492
0
1
0
0
278
220
492
0
1
0
0
278
220
492
0
1
0
0
278
220
492
0
1
0
0
278
220
492
0
1
0
0
278
220
492
0
1
0
0
278
220
492
0
1
0
0
278
220
492
0
1
0
0
278
220
492
0
1
0
0
278
220
492
0
1
0
0
278
220
492
0
1
0
0
278
220
492
0
1
0
0
278
220
492
0
1
0
0
278
220
492
0
1
0
0
278
220
492
0
1
0
0
278
220
492
0
1
0
0
278
220
492
0
23
1
0
278
220
492
0
23
1
0
278
220
492
0
23
1
0
278
220
492
1
23
1
0
278
220
492
2
23
1
0
278
220
492
3
23
1
0
278
220
492
3
23
1
0
278
220
492
3
23
1
0
278
220
492
3
23
1
0
278
220
492
2
23
1
0
278
220
492
2
23
1
0
278
220
492
0
23
0
0
278
220
492
0
23
0
0
278
220
492
0
23
0
0
278
220
492
0
23
1
0
278
220
492
0
23
1
0
278
220
492
0
23
1
0
278
220
492
1
23
1
0
278
220
492
2
23
1
0
278
220
492
3
23
1
0
278
220
492
3
23
1
0
278
220
492
3
23
1
0
278
220
492
3
23
1
0
278
220
492
2
23
1
0
278
220
492
2
23
1
0
278
220
492
0
23
0
0
278
220
492
0
23
0
0
278
220
492
0
23
0
0
278
220
492
0
23
0
0
278
220
492
0
23
0
0
278
220
492
0
23
0
0
278
220
492
0
23
0
0
278
220
492
0
23
0
0
278
220
492
0
23
0
0
278
220
492
0
23
0
0
278
220
492
0
23
0
0
278
220
492
0
23
0
0
278
220
492
0
23
0
0
278
220
492
0
23
0
0
278
220
492
0
23
0
0
278
220
492
0
23
0
0
278
220
492
0
23
0
0
278
220
492
0
23
0
0
278
220
492
0
23
0
0
278
220
492
0
23
0
0
278
220
492
0
23
0
0
278
220
492
0
23
0
0
278
220
492
0
23
0
0
278
220
492
0
23
0
0
278
220
492
0
23
0
0
278
220
492
0
23
0
0
278
220
492
0
23
0
0
278
220
492
0
23
0
0
278
220
492
0
23
0
0
278
220
492
0
23
0
0
278
220
492
0
23
0
0
278
220
492
0
23
0
0
278
220
492
0
23
0
0
278
220
492
0
23
0
0
278
220
492
0
23
0
0
278
220
492
0
23
0
0
278
220
492
0
23
0
0
278
220
492
0
23
0
0
278
220
492
0
23
0
0
278
220
492
0
23
0
0
278
220
492
0
23
0
0
278
220
492
0
23
0
0
278
220
492
0
23
0
0
278
220
492
0
23
0
0
278
220
492
0
23
0
0
278
220
492
0
23
0
0
278
220
492
0
23
0
0
278
220
492
0
23
0
0
278
220
492
0
23
0
0
278
220
492
0
23
0
0
278
220
492
0
23
0
0
278
220
492
0
23
0
0
278
220
492
0
23
0
0
278
220
492
0
23
0
0
278
220
492
0
23
0
0
278
220
492
0
23
0
0
278
220
492
0
23
0
0
278
220
492
0
23
0
0
278
220
492
0
23
0
0
278
220
492
0
23
0
0
278
220
492
0
23
0
0
278
220
492
0
23
0
0
278
220
492
0
23
0
0
278
220
492
0
23
0
0
278
220
488
0
23
0
0
278
220
484
0
23
0
0
274
220
480
0
23
0
0
270
220
476
0
23
0
0
266
220
472
0
23
0
0
262
220
468
0
23
0
0
258
220
464
0
23
0
0
254
220
460
0
23
0
0
250
220
456
0
23
0
0
246
220
452
0
23
0
0
242
220
448
0
23
0
0
238
220
444
0
23
0
0
234
220
440
0
23
0
0
230
220
436
0
23
0
0
226
220
432
0
23
0
0
222
220
428
0
23
0
0
218
220
424
0
23
0
0
214
220
420
0
23
0
0
210
220
416
0
23
0
0
206
220
412
0
23
0
0
202
220
408
0
23
0
0
198
220
404
0
23
0
0
194
220
400
0
23
0
0
190
220
396
0
23
0
0
186
220
392
0
23
0
0
182
220
388
0
23
0
0
178
220
389
0
23
0
0
174
220
390.50
0
23
0
0
175
220
392.50
0
23
0
0
176
220
395
0
23
0
0
178
220
398
0
23
0
0
181
220
401.50
0
23
0
0
184
220
405.50
0
23
0
0
187
220
410
0
23
0
0
191
220
415
0
23
0
0
196
220
420.50
0
23
0
0
201
220
426.50
0
23
0
0
206
220
433
0
23
0
0
212
220
440
0
23
0
0
219
220
447.50
0
23
0
0
226
220
455.50
0
23
0
0
233
220
464
0
23
0
0
241
220
473
0
23
0
0
250
220
482.50
0
23
0
0
259
220
482.50
0
23
0
0
268
220
478.50
0
23
0
0
268
220
474.50
0
23
0
0
264
220
470.50
0
23
0
0
260
220
466.50
0
23
0
0
256
220
462.50
0
23
0
0
252
220
458.50
0
23
0
0
248
220
454.50
0
23
0
0
244
220
450.50
0
23
0
0
240
220
446.50
0
23
0
0
236
220
442.50
0
23
0
0
232
220
438.50
0
23
0
0
228
220
434.50
0
23
0
0
224
220
435.50
0
23
0
0
220
220
437
0
23
0
0
221
220
439
0
23
0
0
223
220
441.50
0
23
0
0
225
220
444.50
0
23
0
0
227
220
448
0
23
0
0
230
220
452
0
23
0
0
234
220
456.50
0
23
0
0
238
220
461.50
0
23
0
0
242
220
467
0
23
0
0
247
220
473
0
23
0
0
253
220
479.50
0
23
0
0
259
220
486.50
0
23
0
0
265
220
486.50
0
23
0
0
272
220
487
0
23
0
0
272
220
488
0
23
0
0
273
220
489.50
0
23
0
0
274
220
491.50
0
23
0
0
275
220
491.50
0
23
0
0
277
220
492
0
23
0
0
277
220
492
0
23
0
0
278
220
492
0
23
0
0
278
220
492
0
23
0
0
278
220
492
0
23
0
0
278
220
492
0
23
0
0
278
220
492
0
23
0
0
278
220
492
0
23
0
0
278
220
492
0
23
0
0
278
220
492
0
23
0
0
278
220
492
0
23
0
0
278
220
492
0
23
0
0
278
220
492
0
23
0
0
278
220
492
0
23
0
0
278
220
492
0
23
0
0
278
220
492
0
23
0
0
278
220
492
0
23
0
0
278
220
492
0
23
0
0
278
220
492
0
23
0
0
278
220
492
0
23
0
0
278
220
488
0
23
0
0
278
220
484
0
23
0
0
274
220
480
0
23
0
0
270
220
476
0
23
0
0
266
220
472
0
23
0
0
262
220
468
0
23
0
0
258
220
464
0
23
0
0
254
220
460
0
23
0
0
250
220
456
0
23
0
0
246
220
452
0
23
0
0
242
220
448
0
23
0
0
238
220
444
0
23
0
0
234
220
440
0
23
0
0
230
220
436
0
23
0
0
226
220
432
0
23
0
0
222
220
428
0
23
0
0
218
220
424
0
23
0
0
214
220
420
0
23
0
0
210
220
416
0
23
0
0
206
224
412
0
1
0
0
202
228
408
0
1
0
0
198
232
404
0
1
0
0
194
236
400
0
1
0
0
190
240
396
0
1
0
0
186
244
392
1
1
0
0
182
248
388
1
1
0
0
178
252
389
1
1
0
0
174
256
390.50
1
1
0
0
175
260
392.50
1
1
0
0
176
264
395
2
1
0
0
178
268
395
2
1
0
0
181
272
391
2
1
0
0
181
276
387
2
1
0
0
177
280
387
2
1
0
0
173
284
388
3
1
0
0
173
288
389.50
3
1
0
0
174
292
391.50
3
1
0
0
175
296
394
3
1
0
0
177
300
394
3
1
0
0
180
304
394.50
4
1
0
0
180
308
395.50
4
1
0
0
180
312
395.50
4
1
0
0
181
316
396
4
1
0
0
181
316
396
0
1
0
0
182
316
396
0
1
0
0
182
316
396
0
1
0
0
182
316
396
0
1
0
0
182
316
396
0
1
0
0
182
316
396
0
1
0
0
182
316
396
0
1
0
0
182
316
396
0
1
0
0
182
316
396
0
1
0
0
182
316
396
0
1
0
0
182
316
396
0
1
0
0
182
316
396
0
1
0
0
182
320
396
0
1
0
0
182
324
396
0
1
0
0
182
328
392
0
1
0
0
182
332
388
0
1
0
0
178
336
384
1
1
0
0
174
340
380
1
1
0
0
170
344
376
1
1
0
0
166
348
372
1
1
0
0
162
352
368
1
1
0
0
158
356
364
2
1
0
0
154
360
360
2
1
0
0
150
364
356
2
1
0
0
146
368
352
2
1
0
0
142
372
348
2
1
0
0
138
376
344
3
1
0
0
134
380
340
3
1
0
0
130
384
336
3
1
0
0
126
384
332
0
1
0
0
122
384
328
0
1
0
0
118
384
324
0
1
0
0
114
384
320
0
1
0
0
110
384
316
0
1
0
0
106
384
312
0
1
0
0
102
384
308
0
1
0
0
98
384
304
0
1
0
0
94
384
300
0
1
0
0
90
384
296
0
1
0
0
86
384
292
0
1
0
0
82
384
293
0
1
0
0
78
384
294.50
0
1
0
0
79
384
296.50
0
1
0
0
80
384
299
0
1
0
0
82
384
302
0
1
0
0
85
384
305.50
0
1
0
0
88
384
309.50
0
1
0
0
91
384
314
0
1
0
0
95
384
319
0
1
0
0
100
384
324.50
0
1
0
0
105
384
330.50
0
1
0
0
110
384
337
0
1
0
0
116
384
344
0
1
0
0
123
384
351.50
0
1
0
0
130
384
359.50
0
1
0
0
137
384
368
0
1
0
0
145
384
377
0
1
0
0
154
384
386.50
0
1
0
0
163
384
386.50
0
1
0
0
172
384
382.50
0
1
0
0
172
384
378.50
0
1
0
0
168
384
374.50
0
1
0
0
164
384
370.50
0
1
0
0
160
384
366.50
0
1
0
0
156
384
362.50
0
1
0
0
152
384
358.50
0
1
0
0
148
384
354.50
0
1
0
0
144
384
350.50
0
1
0
0
140
384
346.50
0
1
0
0
136
384
342.50
0
1
0
0
132
384
338.50
0
1
0
0
128
384
334.50
0
1
0
0
124
384
330.50
0
1
0
0
120
384
326.50
0
1
0
0
116
384
322.50
0
1
0
0
112
384
318.50
0
1
0
0
108
384
314.50
0
1
0
0
104
384
310.50
0
1
0
0
100
384
306.50
0
1
0
0
96
384
302.50
0
1
0
0
92
384
298.50
0
1
0
0
88
384
294.50
0
1
0
0
84
384
290.50
0
1
0
0
80
384
290.50
0
1
0
0
76
384
291.50
0
1
0
0
76
384
292.50
0
1
0
0
77
384
294
0
1
0
0
78
384
296
0
1
0
0
80
384
298.50
0
1
0
0
82
384
301.50
0
1
0
0
84
384
305
0
1
0
0
87
384
309
0
1
0
0
91
384
313.50
0
1
0
0
95
384
318.50
0
1
0
0
99
384
324
0
1
0
0
104
384
330
0
1
0
0
110
384
336.50
0
1
0
0
116
384
343.50
0
1
0
0
122
384
351
0
1
0
0
129
384
359
0
1
0
0
137
384
367.50
0
1
0
0
145
384
376.50
0
1
0
0
153
384
386
0
1
0
0
162
384
396
0
1
0
0
172
384
396
0
1
0
0
182
384
396
0
1
0
0
182
384
396
0
1
0
0
182
384
396
0
1
0
0
182
384
396
0
1
0
0
182
384
396
0
1
0
0
182
384
396
0
1
0
0
182
384
396
0
1
0
0
182
384
396
0
1
0
0
182
384
396
0
1
0
0
182
384
396
0
1
0
0
182
384
396
0
1
0
0
182
384
396
0
1
0
0
182
384
396
0
1
0
0
182
384
396
0
1
0
0
182
384
396
0
1
0
0
182
384
396
0
1
0
0
182
384
396
0
1
0
0
182
384
396
0
1
0
0
182
384
396
0
1
0
0
182
384
396
0
1
0
0
182
384
396
0
1
0
0
182
384
396
0
1
0
0
182
384
396
0
1
0
0
182
384
396
0
1
0
0
182
384
396
0
1
0
0
182
384
396
0
1
0
0
182
384
396
0
1
0
0
182
384
396
0
1
0
0
182
384
396
0
1
0
0
182
384
396
0
1
0
0
182
384
396
0
1
0
0
182
384
396
0
1
0
0
182
384
396
0
1
0
0
182
384
396
0
1
0
0
182
384
396
0
1
0
0
182
384
396
0
23
1
0
182
384
396
0
23
1
0
182
384
396
0
23
1
0
182
384
396
1
23
1
0
182
384
396
2
23
1
0
182
384
396
3
23
1
0
182
384
396
3
23
1
0
182
384
396
3
23
1
0
182
384
396
3
23
1
0
182
384
396
2
23
1
0
182
384
396
2
23
1
0
182
384
396
0
23
0
0
182
384
396
0
23
1
0
182
384
396
0
23
1
0
182
384
396
0
23
1
0
182
384
396
1
23
1
0
182
384
396
2
23
1
0
182
384
396
3
23
1
0
182
384
396
3
23
1
0
182
384
396
3
23
1
0
182
384
396
3
23
1
0
182
384
396
2
23
1
0
182
384
396
2
23
1
0
182
384
396
0
23
0
0
182
384
396
0
23
0
0
182
384
396
0
23
0
0
182
384
396
0
23
0
0
182
384
396
0
23
0
0
182
384
396
0
23
0
0
182
384
396
0
23
0
0
182
384
396
0
23
0
0
182
384
396
0
23
0
0
182
384
396
0
23
0
0
182
384
396
0
23
0
0
182
384
396
0
23
0
0
182
384
396
0
23
0
0
182
384
396
0
23
0
0
182
384
396
0
23
0
0
182
384
396
0
23
0
0
182
384
396
0
23
0
0
182
384
396
0
23
0
0
182
384
396
0
23
0
0
182
384
396
0
23
0
0
182
384
396
0
23
0
0
182
384
396
0
23
0
0
182
384
396
0
23
0
0
182
384
396
0
23
0
0
182
384
396
0
23
0
0
182
384
396
0
23
0
0
182
384
396
0
23
0
0
182
384
396
0
23
0
0
182
384
396
0
23
0
0
182
384
396
0
23
0
0
182
384
396
0
23
0
0
182
384
396
0
23
0
0
182
384
396
0
23
0
0
182
384
396
0
23
0
0
182
388
396
0
1
0
0
182
392
396
0
1
0
0
182
396
396
0
1
0
0
182
400
396
0
1
0
0
182
404
396
0
1
0
0
182
408
396
1
1
0
0
182
412
396
1
1
0
0
182
416
396
1
1
0
0
182
416
396
1
1
0
0
182
416
396
0
1
0
0
182
416
396
0
1
0
0
182
416
396
0
1
0
0
182
416
396
0
1
0
0
182
416
396
0
1
0
0
182
416
396
0
1
0
0
182
416
396
0
1
0
0
182
416
396
0
1
0
0
182
416
396
0
1
0
0
182
416
396
0
1
0
0
182
416
396
0
23
1
0
182
416
396
0
23
1
0
182
416
396
0
23
1
0
182
416
396
1
23
1
0
182
416
396
2
23
1
0
182
416
396
3
23
1
0
182
416
396
3
23
1
0
182
416
396
3
23
1
0
182
416
396
3
23
1
0
182
416
396
2
23
1
0
182
416
396
2
23
1
0
182
416
396
0
23
0
0
182
416
396
0
23
0
0
182
420
396
0
1
0
0
182
424
396
0
1
0
0
182
428
396
0
1
0
0
182
432
396
0
1
0
0
182
436
396
0
1
0
0
182
440
396
0
23
1
0
182
444
396
0
23
1
0
182
444
396
0
23
1
0
182
444
396
1
23
1
0
182
444
396
2
23
1
0
182
444
396
3
23
1
0
182
444
396
3
23
1
0
182
444
396
3
23
1
0
182
444
396
3
23
1
0
182
444
396
2
23
1
0
182
444
396
2
23
1
0
182
444
396
0
23
0
0
182
444
396
0
23
0
0
182
444
396
0
23
0
0
182
444
396
0
23
0
0
182
444
396
0
23
0
0
182
444
396
0
23
0
0
182
444
396
0
23
0
0
182
444
396
0
23
0
0
182
444
396
0
23
0
0
182
444
396
0
23
0
0
182
444
396
0
23
0
0
182
444
396
0
23
0
0
182
444
396
0
23
0
0
182
444
396
0
23
0
0
182
444
396
0
23
0
0
182
444
396
0
23
0
0
182
444
396
0
23
0
0
182
444
396
0
23
0
0
182
444
396
0
23
0
0
182
444
396
0
23
0
0
182
444
396
0
23
0
0
182
444
396
0
23
0
0
182
444
396
0
23
0
0
182
444
396
0
23
0
0
182
444
396
0
23
0
0
182
444
396
0
23
0
0
182
444
396
0
23
0
0
182
444
396
0
23
0
0
182
444
396
0
23
0
0
182
444
396
0
23
0
0
182
444
396
0
23
0
0
182
444
396
0
23
0
0
182
444
396
0
23
0
0
182
444
396
0
23
0
0
182
444
396
0
23
0
0
182
444
396
0
23
0
0
182
440
396
0
18
0
0
182
436
396
0
18
0
0
182
432
396
0
18
0
0
182
428
396
0
18
0
0
182
424
396
0
18
0
0
182
420
396
1
18
0
0
182
416
396
1
18
0
0
182
412
396
1
18
0
0
182
408
396
1
18
0
0
182
404
396
1
18
0
0
182
404
396
0
18
0
0
182
404
396
0
18
0
0
182
404
396
0
18
0
0
182
404
396
0
18
0
0
182
404
396
0
18
0
0
182
400
396
0
18
0
0
182
396
396
0
18
0
0
182
392
396
0
18
0
0
182
388
396
0
18
0
0
182
384
396
1
18
0
0
182
380
396
1
18
0
0
182
376
396
1
18
0
0
182
372
396
1
18
0
0
182
368
396
1
18
0
0
182
368
396
0
18
0
0
182
368
396
0
18
0
0
182
368
396
0
18
0
0
182
368
396
0
18
0
0
182
368
396
0
18
0
0
182
368
396
0
18
0
0
182
364
396
0
18
0
0
182
360
396
0
18
0
0
182
356
396
0
18
0
0
182
352
396
0
18
0
0
182
348
396
1
18
0
0
182
344
396
1
18
0
0
182
340
396
1
18
0
0
182
336
396
1
18
0
0
182
332
396
1
18
0
0
182
328
396
2
18
0
0
182
324
396
2
18
0
0
182
320
396
2
18
0
0
182
316
396
2
18
0
0
182
312
396
2
18
0
0
182
308
396
3
18
0
0
182
304
396
3
18
0
0
182
300
396
3
18
0
0
182
296
396
3
18
0
0
182
292
396
3
18
0
0
182
288
396
4
18
0
0
182
284
396
4
18
0
0
182
280
396
4
18
0
0
182
276
396
4
18
0
0
182
272
396
4
18
0
0
182
268
396
5
18
0
0
182
264
396
5
18
0
0
182
260
396
5
18
0
0
182
256
396.50
5
18
0
0
182
252
397.50
5
18
0
0
182
248
399
6
18
0
0
183
244
401
6
18
0
0
185
240
403.50
6
18
0
0
187
236
406.50
0
18
0
0
189
236
410
0
18
0
0
192
236
414
0
18
0
0
196
236
418.50
0
18
0
0
200
236
423.50
0
18
0
0
204
236
423.50
0
18
0
0
209
236
424
0
18
0
0
209
236
425
0
18
0
0
210
236
426.50
0
18
0
0
211
236
426.50
0
18
0
0
212
236
427
0
18
0
0
212
236
428
0
18
0
0
213
236
428
0
18
0
0
214
236
428
0
18
0
0
214
236
428
0
18
0
0
214
236
428
0
18
0
0
214
236
428
0
18
0
0
214
236
428
0
18
0
0
214
236
428
0
18
0
0
214
236
428
0
18
0
0
214
236
428
0
18
0
0
214
236
428
0
18
0
0
214
236
428
0
18
0
0
214
236
428
0
18
0
0
214
236
428
0
18
0
0
214
236
428
0
18
0
0
214
236
428
0
18
0
0
214
236
428
0
18
0
0
214
236
428
0
18
0
0
214
236
428
0
18
0
0
214
236
428
0
18
0
0
214
236
428
0
18
0
0
214
236
428
0
18
0
0
214
236
428
0
18
0
0
214
236
428
0
18
0
0
214
236
428
0
18
0
0
214
236
428
0
18
0
0
214
236
428
0
18
0
0
214
236
428
0
18
0
0
214
236
428
0
18
0
0
214
236
428
0
18
0
0
214
236
428
0
18
0
0
214
236
428
0
18
0
0
214
236
428
0
18
0
0
214
236
428
0
18
0
0
214
236
428
0
18
0
0
214
236
428
0
18
0
0
214
236
428
0
18
0
0
214
236
428
0
18
0
0
214
236
428
0
18
0
0
214
236
428
0
18
0
0
214
236
428
0
18
0
0
214
236
428
0
18
0
0
214
236
428
0
18
0
0
214
236
428
0
18
0
0
214
236
428
0
18
0
0
214
236
428
0
18
0
0
214
236
428
0
18
0
0
214
236
428
0
18
0
0
214
236
428
0
18
0
0
214
236
428
0
18
0
0
214
236
428
0
18
0
0
214
232
428
0
18
0
0
214
228
428
0
18
0
0
214
224
428.50
0
18
0
0
214
220
429.50
0
18
0
0
214
220
431
0
18
0
0
215
220
433
0
18
0
0
217
220
435.50
0
18
0
0
219
220
438.50
0
18
0
0
221
220
442
0
18
0
0
224
220
446
0
18
0
0
228
220
450.50
0
18
0
0
232
220
455.50
0
18
0
0
236
220
461
0
18
0
0
241
220
467
0
18
0
0
247
220
473.50
0
18
0
0
253
220
480.50
0
18
0
0
259
220
488
0
18
0
0
266
220
488
0
18
0
0
274
220
488.50
0
18
0
0
274
220
489.50
0
18
0
0
274
220
491
0
18
0
0
275
220
491
0
18
0
0
277
220
491.50
0
18
0
0
277
220
491.50
0
18
0
0
277
220
492
0
18
0
0
277
220
492
0
18
0
0
278
220
492
0
18
0
0
278
220
492
0
18
0
0
278
220
492
0
18
0
0
278
220
492
0
18
0
0
278
220
492
0
18
0
0
278
220
492
0
18
0
0
278
220
492
0
18
0
0
278
220
492
0
18
0
0
278
220
492
0
18
0
0
278
220
492
0
18
0
0
278
220
492
0
18
0
0
278
220
492
0
18
0
0
278
220
492
0
18
0
0
278
220
492
0
18
0
0
278
220
492
0
18
0
0
278
220
492
0
18
0
0
278
220
492
0
18
0
0
278
220
492
0
18
0
0
278
220
492
0
18
0
0
278
220
492
0
18
0
0
278
220
492
0
18
0
0
278
220
492
0
18
0
0
278
220
492
0
18
0
0
278
220
492
0
18
0
0
278
220
492
0
18
0
0
278
220
492
0
18
0
0
278
220
492
0
18
0
0
278
220
492
0
18
0
0
278
220
492
0
18
0
0
278
220
492
0
18
0
0
278
220
492
0
18
0
0
278
220
492
0
18
0
0
278
220
492
0
18
0
0
278
220
492
0
18
0
0
278
220
492
0
18
0
0
278
220
492
0
18
0
0
278
220
492
0
18
0
0
278
220
492
0
18
0
0
278
220
492
0
18
0
0
278
220
492
0
18
0
0
278
220
492
0
18
0
0
278
220
492
0
18
0
0
278
220
492
0
18
0
0
278
220
492
0
18
0
0
278
220
492
0
18
0
0
278
220
492
0
18
0
0
278
220
492
0
18
0
0
278
216
492
0
18
0
0
278
212
492
0
18
0
0
278
208
492
0
18
0
0
278
204
492
0
18
0
0
278
204
492
0
18
0
0
278
204
492
0
18
0
0
278
204
492
0
18
0
0
278
204
492
0
18
0
0
278
204
492
0
18
0
0
278
204
492
0
18
0
0
278
204
492
0
18
0
0
278
204
492
0
18
0
0
278
204
492
0
18
0
0
278
204
492
0
18
0
0
278
204
492
0
18
0
0
278
204
492
0
18
0
0
278
204
492
0
18
0
0
278
204
492
0
18
0
0
278
204
492
0
18
0
0
278
204
492
0
18
0
0
278
204
492
0
18
0
0
278
204
492
0
18
0
0
278
204
492
0
18
0
0
278
204
492
0
18
0
0
278
204
492
0
18
0
0
278
204
492
0
18
0
0
278
204
492
0
18
0
0
278
204
492
0
18
0
0
278
204
492
0
18
0
0
278
204
492
0
18
0
0
278
204
492
0
18
0
0
278
204
492
0
18
0
0
278
208
492
0
1
0
0
278
212
492
0
1
0
0
278
216
492
0
1
0
0
278
220
492
0
1
0
0
278
224
492
0
1
0
0
278
224
492
1
1
0
0
278
224
492
1
1
0
0
278
224
492
0
1
0
0
278
224
492
0
1
0
0
278
224
492
0
1
0
0
278
224
492
0
1
0
0
278
224
492
0
1
0
0
278
224
492
0
1
0
0
278
224
492
0
1
0
0
278
224
492
0
1
0
0
278
224
492
0
1
0
0
278
224
492
0
1
0
0
278
224
492
0
1
0
0
278
224
492
0
1
0
0
278
224
492
0
1
0
0
278
224
492
0
1
0
0
278
224
492
0
1
0
0
278
224
492
0
1
0
0
278
224
492
0
1
0
0
278
224
492
0
1
0
0
278
224
492
0
1
0
0
278
224
492
0
1
0
0
278
224
492
0
1
0
0
278
224
492
0
1
0
0
278
224
492
0
1
0
0
278
224
492
0
1
0
0
278
224
492
0
1
0
0
278
224
492
0
1
0
0
278
224
492
0
1
0
0
278
224
492
0
1
0
0
278
224
492
0
1
0
0
278
224
492
0
1
0
0
278
224
492
0
1
0
0
278
224
492
0
1
0
0
278
224
492
0
1
0
0
278
224
492
0
1
0
0
278
224
492
0
1
0
0
278
224
492
0
1
0
0
278
224
492
0
1
0
0
278
224
492
0
1
0
0
278
224
492
0
1
0
0
278
224
492
0
1
0
0
278
224
492
0
1
0
0
278
224
492
0
1
0
0
278
224
492
0
1
0
0
278
224
492
0
1
0
0
278
224
492
0
1
0
0
278
224
492
0
1
0
0
278
224
492
0
1
0
0
278
224
492
0
1
0
0
278
224
492
0
1
0
0
278
224
492
0
1
0
0
278
224
492
0
1
0
0
278
224
492
0
1
0
0
278
224
492
0
1
0
0
278
224
492
0
1
0
0
278
224
492
0
1
0
0
278
224
492
0
1
0
0
278
224
492
0
1
0
0
278
224
492
0
1
0
0
278
224
492
0
1
0
0
278
224
492
0
1
0
0
278
224
492
0
1
0
0
278
224
492
0
1
0
0
278
224
492
0
1
0
0
278
224
492
0
1
0
0
278
224
492
0
1
0
0
278
224
492
0
1
0
0
278
224
492
0
1
0
0
278
224
492
0
1
0
0
278
224
492
0
1
0
0
278
224
492
0
1
0
0
278
224
492
0
1
0
0
278
224
492
0
1
0
0
278
224
492
0
1
0
0
278
224
492
0
1
0
0
278
224
492
0
1
0
0
278
224
492
0
1
0
0
278
224
492
0
1
0
0
278
224
492
0
1
0
0
278
224
492
0
1
0
0
278
224
492
0
1
0
0
278
224
492
0
1
0
0
278
224
492
0
1
0
0
278
224
492
0
1
0
0
278
224
492
0
1
0
0
278
224
492
0
1
0
0
278
224
492
0
1
0
0
278
224
492
0
1
0
0
278
224
492
0
23
1
0
278
224
492
0
23
1
0
278
224
492
0
23
1
0
278
224
492
1
23
1
0
278
224
492
2
23
1
0
278
224
492
3
23
1
0
278
224
492
3
23
1
0
278
224
492
3
23
1
0
278
224
492
3
23
1
0
278
224
492
2
23
1
0
278
224
492
2
23
1
0
278
224
492
0
23
0
0
278
224
492
0
23
0
0
278
224
492
0
23
0
0
278
224
492
0
23
0
0
278
224
492
0
23
0
0
278
224
492
0
23
0
0
278
224
492
0
23
0
0
278
224
492
0
23
0
0
278
224
492
0
23
0
0
278
224
492
0
23
0
0
278
224
492
0
23
0
0
278
224
492
0
23
0
0
278
224
492
0
23
0
0
278
224
492
0
23
0
0
278
224
492
0
23
0
0
278
224
492
0
23
0
0
278
224
492
0
23
0
0
278
224
492
0
23
0
0
278
224
492
0
23
0
0
278
224
492
0
23
0
0
278
224
492
0
23
0
0
278
224
492
0
23
0
0
278
224
492
0
23
0
0
278
224
492
0
23
0
0
278
224
492
0
23
0
0
278
224
492
0
23
0
0
278
224
492
0
23
0
0
278
224
492
0
23
0
0
278
224
492
0
23
0
0
278
224
492
0
23
0
0
278
224
492
0
23
0
0
278
224
492
0
23
0
0
278
224
492
0
23
0
0
278
224
492
0
23
0
0
278
224
492
0
23
0
0
278
224
492
0
23
0
0
278
224
492
0
23
0
0
278
224
492
0
23
0
0
278
224
492
0
23
0
0
278
224
492
0
23
0
0
278
224
492
0
23
0
0
278
224
492
0
23
0
0
278
224
492
0
23
0
0
278
224
492
0
23
0
0
278
224
492
0
23
0
0
278
224
492
0
23
0
0
278
228
492
0
1
0
0
278
232
492
0
1
0
0
278
236
492
0
1
0
0
278
240
492
0
1
0
0
278
244
492
0
1
0
0
278
248
492
1
1
0
0
278
252
492
1
1
0
0
278
256
492
1
1
0
0
278
260
492
1
1
0
0
278
264
492
1
1
0
0
278
268
492
2
1
0
0
278
272
492
2
1
0
0
278
276
492
2
1
0
0
278
280
492
2
1
0
0
278
284
492
2
1
0
0
278
288
492.50
3
1
0
0
278
288
493.50
3
1
0
0
278
288
495
3
1
0
0
279
288
497
3
1
0
0
281
288
499.50
0
1
0
0
283
288
502.50
0
1
0
0
285
288
506
0
1
0
0
288
288
510
0
1
0
0
292
288
514.50
0
1
0
0
296
288
519.50
0
1
0
0
300
288
525
0
1
0
0
305
288
531
0
1
0
0
311
288
537.50
0
1
0
0
317
288
544.50
0
1
0
0
323
288
552
0
1
0
0
330
288
560
0
1
0
0
338
288
568.50
0
1
0
0
346
288
577.50
0
1
0
0
354
288
587
0
1
0
0
363
288
597
0
1
0
0
373
288
607.50
0
1
0
0
383
288
618.50
0
1
0
0
393
288
630
0
1
0
0
404
288
642
0
1
0
0
416
288
642
0
1
0
0
428
288
642.50
0
1
0
0
428
288
643.50
0
1
0
0
428
288
645
0
1
0
0
429
288
647
0
1
0
0
431
288
649.50
0
1
0
0
433
288
649.50
0
1
0
0
435
288
650
0
1
0
0
435
288
651
0
1
0
0
436
288
651
0
1
0
0
437
288
651.50
0
1
0
0
437
288
651.50
0
1
0
0
437
288
652
0
1
0
0
437
288
652
0
1
0
0
438
288
652
0
1
0
0
438
288
652
0
1
0
0
438
288
652
0
1
0
0
438
288
652
0
1
0
0
438
292
652
0
1
0
0
438
296
652
0
1
0
0
438
300
652
0
1
0
0
438
304
652
0
1
0
0
438
308
652
1
1
0
0
438
312
652
1
1
0
0
438
316
652
1
1
0
0
438
320
652
1
1
0
0
438
324
652
1
1
0
0
438
328
652
2
1
0
0
438
332
652
2
1
0
0
438
336
652
2
1
0
0
438
340
652
2
1
0
0
438
344
652
2
1
0
0
438
348
652
3
1
0
0
438
352
652
3
1
0
0
438
356
652
3
1
0
0
438
360
652
3
1
0
0
438
364
652
3
1
0
0
438
368
652
4
1
0
0
438
372
652
4
1
0
0
438
376
652
4
1
0
0
438
380
652
4
1
0
0
438
384
652
4
1
0
0
438
388
652
5
1
0
0
438
392
652
5
1
0
0
438
396
652
5
1
0
0
438
400
652
5
1
0
0
438
404
652
5
1
0
0
438
408
652
6
1
0
0
438
412
652
6
1
0
0
438
416
652.50
6
1
0
0
438
416
653.50
6
1
0
0
438
416
655
6
1
0
0
439
416
657
7
1
0
0
441
416
659.50
7
1
0
0
443
416
662.50
7
1
0
0
445
416
666
7
1
0
0
448
416
670
7
1
0
0
452
416
674.50
8
1
0
0
456
416
679.50
0
1
0
0
460
416
685
0
1
0
0
465
416
691
0
1
0
0
471
416
697.50
0
1
0
0
477
416
704.50
0
1
0
0
483
416
712
0
1
0
0
490
416
712
0
1
0
0
498
416
712.50
0
1
0
0
498
416
713.50
0
1
0
0
498
416
715
0
1
0
0
499
416
715
0
1
0
0
501
416
715.50
0
1
0
0
501
416
715.50
0
1
0
0
501
416
716
0
1
0
0
501
416
716
0
1
0
0
502
416
716
0
1
0
0
502
416
716
0
1
0
0
502
416
716
0
1
0
0
502
416
716
0
1
0
0
502
416
716
0
1
0
0
502
416
716
0
1
0
0
502
416
716
0
1
0
0
502
416
716
0
1
0
0
502
416
716
0
1
0
0
502
416
716
0
1
0
0
502
416
716
0
1
0
0
502
416
716
0
1
0
0
502
416
716
0
1
0
0
502
416
716
0
1
0
0
502
416
716
0
1
0
0
502
416
716
0
1
0
0
502
416
716
0
1
0
0
502
416
716
0
1
0
0
502
416
716
0
1
0
0
502
416
716
0
1
0
0
502
416
716
0
1
0
0
502
416
716
0
1
0
0
502
416
716
0
1
0
0
502
416
716
0
1
0
0
502
416
716
0
1
0
0
502
416
716
0
1
0
0
502
416
716
0
1
0
0
502
416
716
0
1
0
0
502
416
716
0
1
0
0
502
416
716
0
1
0
0
502
416
716
0
1
0
0
502
416
716
0
1
0
0
502
416
716
0
1
0
0
502
416
716
0
1
0
0
502
416
716
0
1
0
0
502
416
716
0
1
0
0
502
416
716
0
1
0
0
502
416
716
0
1
0
0
502
416
716
0
1
0
0
502
416
716
0
1
0
0
502
416
716
0
1
0
0
502
416
716
0
1
0
0
502
416
716
0
1
0
0
502
416
716
0
1
0
0
502
416
716
0
1
0
0
502
416
716
0
1
0
0
502
416
716
0
1
0
0
502
416
716
0
1
0
0
502
416
716
0
1
0
0
502
416
716
0
1
0
0
502
416
716
0
1
0
0
502
416
716
0
1
0
0
502
416
716
0
1
0
0
502
416
716
0
1
0
0
502
416
716
0
1
0
0
502
416
716
0
1
0
0
502
416
716
0
1
0
0
502
416
716
0
1
0
0
502
416
716
0
1
0
0
502
416
716
0
1
0
0
502
416
716
0
1
0
0
502
416
716
0
1
0
0
502
416
716
0
1
0
0
502
416
716
0
1
0
0
502
416
716
0
1
0
0
502
416
716
0
1
0
0
502
416
716
0
23
1
0
502
416
716
0
23
1
0
502
416
716
0
23
1
0
502
416
716
1
23
1
0
502
416
716
2
23
1
0
502
416
716
3
23
1
0
502
416
716
3
23
1
0
502
416
716
3
23
1
0
502
416
716
3
23
1
0
502
416
716
2
23
1
0
502
416
716
2
23
1
0
502
416
716
0
23
0
0
502
416
716
0
23
0
0
502
416
716
0
23
0
0
502
416
716
0
23
0
0
502
416
716
0
23
0
0
502
416
716
0
23
1
0
502
416
716
0
23
1
0
502
416
716
0
23
1
0
502
416
716
1
23
1
0
502
416
716
2
23
1
0
502
416
716
3
23
1
0
502
416
716
3
23
1
0
502
416
716
3
23
1
0
502
416
716
3
23
1
0
502
416
716
2
23
1
0
502
416
716
2
23
1
0
502
416
716
0
23
0
0
502
416
716
0
23
0
0
502
416
716
0
23
1
0
502
416
716
0
23
1
0
502
416
716
0
23
1
0
502
416
716
1
23
1
0
502
416
716
2
23
1
0
502
416
716
3
23
1
0
502
416
716
3
23
1
0
502
416
716
3
23
1
0
502
416
716
3
23
1
0
502
416
716
2
23
1
0
502
416
716
2
23
1
0
502
416
716
0
23
0
0
502
416
716
0
23
0
0
502
416
716
0
23
0
0
502
416
716
0
23
0
0
502
416
716
0
23
0
0
502
416
716
0
23
0
0
502
416
716
0
23
0
0
502
416
716
0
23
0
0
502
416
716
0
23
0
0
502
416
716
0
23
0
0
502
416
716
0
23
0
0
502
416
716
0
23
0
0
502
416
716
0
23
0
0
502
416
716
0
23
0
0
502
416
716
0
23
0
0
502
416
716
0
23
0
0
502
416
716
0
23
0
0
502
416
716
0
23
0
0
502
416
716
0
23
0
0
502
416
716
0
23
0
0
502
416
716
0
23
0
0
502
416
716
0
23
0
0
502
416
716
0
23
0
0
502
416
716
0
23
0
0
502
416
716
0
23
0
0
502
416
716
0
23
0
0
502
416
716
0
23
0
0
502
416
716
0
23
0
0
502
416
716
0
23
0
0
502
416
716
0
23
0
0
502
416
716
0
23
0
0
502
416
716
0
23
0
0
502
416
716
0
23
0
0
502
416
716
0
23
0
0
502
416
716
0
23
0
0
502
416
716
0
23
0
0
502
416
716
0
23
0
0
502
416
716
0
23
0
0
502
416
716
0
23
0
0
502
416
716
0
23
0
0
502
416
716
0
23
0
0
502
416
716
0
23
0
0
502
416
716
0
23
0
0
502
416
716
0
23
0
0
502
416
716
0
23
0
0
502
416
716
0
23
0
0
502
416
716
0
23
0
0
502
416
716
0
23
0
0
502
416
716
0
23
0
0
502
416
712
0
23
0
0
502
416
708
0
23
0
0
498
416
704
0
23
0
0
494
416
700
0
23
0
0
490
416
696
0
23
0
0
486
416
692
0
23
0
0
482
416
688
0
23
0
0
478
416
684
0
23
0
0
474
416
680
0
23
0
0
470
416
676
0
23
0
0
466
416
672
0
23
0
0
462
416
668
0
23
0
0
458
416
664
0
23
1
0
454
416
660
0
23
1
0
450
416
656
0
23
1
0
446
416
652
1
23
1
0
442
416
648
2
23
1
0
438
416
644
3
23
1
0
434
416
640
3
23
1
0
430
416
636
3
23
1
0
426
416
632
3
23
1
0
422
416
628
2
23
1
0
418
416
624
2
23
1
0
414
416
620
0
23
0
0
410
416
616
0
23
0
0
406
416
612
0
23
0
0
402
416
613
0
23
0
0
398
416
614.50
0
23
0
0
399
416
616.50
0
23
0
0
400
416
619
0
23
0
0
402
416
622
0
23
0
0
405
416
625.50
0
23
0
0
408
416
629.50
0
23
0
0
411
416
634
0
23
0
0
415
416
639
0
23
0
0
420
416
644.50
0
23
0
0
425
416
650.50
0
23
0
0
430
416
657
0
23
0
0
436
416
664
0
23
0
0
443
416
671.50
0
23
0
0
450
416
679.50
0
23
0
0
457
416
688
0
23
0
0
465
416
697
0
23
0
0
474
416
706.50
0
23
0
0
483
416
706.50
0
23
0
0
492
416
707
0
23
0
0
492
416
708
0
23
0
0
493
416
709.50
0
23
0
0
494
416
711.50
0
23
0
0
495
416
714
0
23
0
0
497
416
714
0
23
0
0
500
416
714.50
0
23
0
0
500
416
715.50
0
23
0
0
500
416
715.50
0
23
0
0
501
416
716
0
23
0
0
501
416
716
0
23
0
0
502
416
716
0
23
0
0
502
416
716
0
23
0
0
502
416
716
0
23
0
0
502
416
716
0
23
0
0
502
416
716
0
23
0
0
502
416
716
0
23
0
0
502
416
716
0
23
0
0
502
416
716
0
23
0
0
502
416
716
0
23
0
0
502
416
716
0
23
0
0
502
416
716
0
23
0
0
502
416
716
0
23
0
0
502
416
716
0
23
0
0
502
416
716
0
23
0
0
502
416
716
0
23
0
0
502
416
716
0
23
0
0
502
416
716
0
23
0
0
502
416
716
0
23
0
0
502
416
716
0
23
0
0
502
416
716
0
23
0
0
502
416
716
0
23
0
0
502
416
716
0
23
0
0
502
416
716
0
23
0
0
502
416
716
0
23
0
0
502
416
716
0
23
0
0
502
416
716
0
23
0
0
502
416
716
0
23
0
0
502
416
716
0
23
0
0
502
416
716
0
23
0
0
502
416
716
0
23
0
0
502
416
716
0
23
0
0
502
416
716
0
23
0
0
502
416
712
0
23
0
0
502
416
708
0
23
0
0
498
416
704
0
23
0
0
494
416
700
0
23
0
0
490
416
696
0
23
0
0
486
416
692
0
23
0
0
482
416
688
0
23
0
0
478
416
684
0
23
0
0
474
416
680
0
23
0
0
470
416
676
0
23
0
0
466
416
672
0
23
0
0
462
416
668
0
23
0
0
458
416
669
0
23
0
0
454
416
670.50
0
23
0
0
455
416
672.50
0
23
0
0
456
416
675
0
23
0
0
458
416
678
0
23
0
0
461
416
681.50
0
23
0
0
464
416
685.50
0
23
0
0
467
416
690
0
23
0
0
471
416
695
0
23
0
0
476
416
700.50
0
23
0
0
481
416
706.50
0
23
0
0
486
416
713
0
23
0
0
492
416
713
0
23
0
0
499
416
713.50
0
23
0
0
499
416
714.50
0
23
0
0
499
416
716
0
23
0
0
500
416
716
0
23
0
0
502
416
716
0
23
0
0
502
416
716
0
23
0
0
502
416
716
0
23
0
0
502
416
716
0
23
0
0
502
416
716
0
23
0
0
502
416
716
0
23
0
0
502
416
716
0
23
0
0
502
416
716
0
23
0
0
502
416
716
0
23
0
0
502
416
716
0
23
0
0
502
416
716
0
23
0
0
502
416
716
0
23
0
0
502
416
716
0
23
0
0
502
416
716
0
23
0
0
502
416
716
0
23
0
0
502
416
716
0
23
0
0
502
416
716
0
23
0
0
502
416
716
0
23
0
0
502
416
716
0
23
0
0
502
416
716
0
23
0
0
502
416
716
0
23
0
0
502
416
716
0
23
0
0
502
416
716
0
23
0
0
502
416
716
0
23
0
0
502
416
716
0
23
0
0
502
416
716
0
23
0
0
502
416
716
0
23
0
0
502
416
716
0
23
0
0
502
416
716
0
23
0
0
502
416
716
0
23
0
0
502
416
716
0
23
0
0
502
416
716
0
23
0
0
502
420
716
0
1
0
0
502
424
716
0
1
0
0
502
428
716
0
1
0
0
502
432
716
0
1
0
0
502
436
716
0
1
0
0
502
436
716
0
1
0
0
502
436
716
0
1
0
0
502
436
716
0
1
0
0
502
436
716
0
1
0
0
502
436
716
0
1
0
0
502
436
716
0
1
0
0
502
436
716
0
1
0
0
502
436
716
0
1
0
0
502
436
716
0
1
0
0
502
436
716
0
1
0
0
502
436
716
0
1
0
0
502
436
716
0
1
0
0
502
436
716
0
1
0
0
502
436
716
0
1
0
0
502
436
716
0
1
0
0
502
436
716
0
1
0
0
502
436
716
0
1
0
0
502
436
716
0
1
0
0
502
436
716
0
1
0
0
502
436
716
0
1
0
0
502
436
716
0
1
0
0
502
436
716
0
1
0
0
502
436
716
0
1
0
0
502
436
716
0
1
0
0
502
436
716
0
1
0
0
502
436
716
0
1
0
0
502
436
716
0
1
0
0
502
436
716
0
1
0
0
502
436
716
0
1
0
0
502
436
716
0
1
0
0
502
436
716
0
1
0
0
502
436
716
0
1
0
0
502
436
716
0
1
0
0
502
436
716
0
1
0
0
502
436
716
0
1
0
0
502
436
716
0
1
0
0
502
436
716
0
1
0
0
502
436
716
0
1
0
0
502
436
716
0
1
0
0
502
436
716
0
1
0
0
502
436
716
0
1
0
0
502
436
716
0
1
0
0
502
436
716
0
1
0
0
502
436
716
0
1
0
0
502
436
716
0
1
0
0
502
436
716
0
1
0
0
502
436
716
0
1
0
0
502
436
716
0
1
0
0
502
436
716
0
1
0
0
502
436
716
0
1
0
0
502
436
716
0
1
0
0
502
436
716
0
1
0
0
502
436
716
0
1
0
0
502
436
716
0
1
0
0
502
436
716
0
1
0
0
502
436
716
0
1
0
0
502
436
716
0
1
0
0
502
436
716
0
1
0
0
502
436
716
0
1
0
0
502
436
716
0
1
0
0
502
436
716
0
1
0
0
502
436
716
0
1
0
0
502
436
716
0
1
0
0
502
436
716
0
1
0
0
502
436
716
0
1
0
0
502
436
716
0
1
0
0
502
436
716
0
1
0
0
502
436
716
0
1
0
0
502
436
716
0
1
0
0
502
436
716
0
1
0
0
502
436
716
0
1
0
0
502
436
716
0
1
0
0
502
436
716
0
1
0
0
502
436
716
0
1
0
0
502
436
716
0
1
0
0
502
436
716
0
1
0
0
502
436
716
0
1
0
0
502
436
716
0
1
0
0
502
436
716
0
1
0
0
502
436
716
0
1
0
0
502
436
716
0
1
0
0
502
436
716
0
1
0
0
502
436
716
0
1
0
0
502
436
716
0
1
0
0
502
436
716
0
1
0
0
502
436
716
0
1
0
0
502
436
716
0
1
0
0
502
436
716
0
1
0
0
502
436
716
0
1
0
0
502
436
716
0
1
0
0
502
436
716
0
1
0
0
502
436
716
0
1
0
0
502
436
716
0
1
0
0
502
436
716
0
1
0
0
502
436
716
0
1
0
0
502
436
716
0
1
0
0
502
436
716
0
1
0
0
502
436
716
0
1
0
0
502
436
716
0
1
0
0
502
436
716
0
1
0
0
502
436
716
0
1
0
0
502
436
716
0
1
0
0
502
436
716
0
1
0
0
502
436
716
0
1
0
0
502
436
716
0
1
0
0
502
436
716
0
1
0
0
502
436
716
0
1
0
0
502
436
716
0
1
0
0
502
436
716
0
1
0
0
502
436
716
0
1
0
0
502
436
716
0
1
0
0
502
436
716
0
1
0
0
502
436
712
0
1
0
0
502
436
708
0
1
0
0
498
436
704
0
1
0
0
494
436
700
0
1
0
0
490
436
696
0
1
0
0
486
436
692
0
1
0
0
482
436
688
0
1
0
0
478
436
684
0
1
0
0
474
436
680
0
1
0
0
470
436
676
0
1
0
0
466
436
672
0
1
0
0
462
436
668
0
1
0
0
458
436
664
0
1
0
0
454
436
660
0
1
0
0
450
436
656
0
1
0
0
446
436
652
0
1
0
0
442
436
648
0
1
0
0
438
436
644
0
1
0
0
434
436
640
0
1
0
0
430
436
640
0
1
0
0
426
436
641
0
1
0
0
426
436
642.50
0
1
0
0
427
436
644.50
0
1
0
0
428
436
647
0
1
0
0
430
436
650
0
1
0
0
433
436
653.50
0
1
0
0
436
436
654.50
0
1
0
0
439
436
656
0
1
0
0
440
436
658
0
1
0
0
442
436
660.50
0
1
0
0
444
436
663.50
0
1
0
0
446
436
667
0
1
0
0
449
436
671
0
1
0
0
453
436
675.50
0
1
0
0
457
436
680.50
0
1
0
0
461
436
686
0
1
0
0
466
436
692
0
1
0
0
472
432
698.50
0
18
0
0
478
428
705.50
0
18
0
0
484
424
713
0
18
0
0
491
420
713
0
18
0
0
499
416
709
0
18
0
0
499
416
705
1
18
0
0
495
416
701
1
18
0
0
491
416
697
1
18
0
0
487
416
693
0
18
0
0
483
416
689
0
18
0
0
479
416
685
0
18
0
0
475
416
681
0
18
0
0
471
416
677
0
18
0
0
467
416
673
0
18
0
0
463
416
669
0
18
0
0
459
416
665
0
18
0
0
455
416
666
0
18
0
0
451
416
667.50
0
18
0
0
452
416
669.50
0
18
0
0
453
416
672
0
18
0
0
455
416
675
0
18
0
0
458
416
678.50
0
18
0
0
461
416
682.50
0
18
0
0
464
416
687
0
18
0
0
468
416
692
0
18
0
0
473
416
697.50
0
18
0
0
478
416
703.50
1
18
0
0
483
416
710
1
18
0
0
489
416
710
0
18
0
0
496
416
706
0
18
0
0
496
416
702
0
18
0
0
492
416
698
0
18
0
0
488
416
694
0
18
0
0
484
416
690
0
18
0
0
480
416
686
0
18
0
0
476
416
682
0
18
0
0
472
416
678
0
18
0
0
468
416
674
0
18
0
0
464
416
670
0
18
0
0
460
416
666
0
18
0
0
456
416
662
0
18
0
0
452
416
663
0
18
0
0
448
416
664.50
0
18
0
0
449
416
666.50
0
18
0
0
450
416
669
0
18
0
0
452
416
672
0
18
0
0
455
416
675.50
0
18
0
0
458
416
679.50
1
18
0
0
461
416
684
1
18
0
0
465
416
689
1
18
0
0
470
416
694.50
1
18
0
0
475
416
700.50
1
18
0
0
480
416
707
2
18
0
0
486
416
714
0
18
0
0
493
416
714
0
18
0
0
500
416
710
0
18
0
0
500
416
706
0
18
0
0
496
416
702
0
18
0
0
492
416
698
0
18
0
0
488
416
694
0
18
0
0
484
416
690
0
18
0
0
480
416
686
0
18
0
0
476
416
682
0
18
0
0
472
416
678
0
18
0
0
468
416
674
0
18
0
0
464
416
670
0
18
0
0
460
416
666
0
18
0
0
456
416
667
0
18
0
0
452
416
668.50
0
18
0
0
453
416
670.50
0
18
0
0
454
416
673
0
18
0
0
456
416
676
0
18
0
0
459
416
679.50
0
18
0
0
462
416
683.50
0
18
0
0
465
416
688
0
18
0
0
469
416
693
1
18
0
0
474
416
698.50
1
18
0
0
479
416
704.50
1
18
0
0
484
416
711
1
18
0
0
490
416
711
0
18
0
0
497
416
707
0
18
0
0
497
416
703
0
18
0
0
493
416
699
0
18
0
0
489
416
695
0
18
0
0
485
416
691
0
18
0
0
481
416
687
0
18
0
0
477
416
683
0
18
0
0
473
416
679
0
18
0
0
469
416
675
0
18
0
0
465
416
671
0
18
0
0
461
416
667
0
18
0
0
457
416
663
0
18
0
0
453
416
664
0
18
0
0
449
416
665.50
0
18
0
0
450
416
667.50
0
18
0
0
451
416
670
0
18
0
0
453
416
673
0
18
0
0
456
416
676.50
0
18
0
0
459
416
680.50
0
18
0
0
462
416
685
0
18
0
0
466
416
690
0
18
0
0
471
416
695.50
0
18
0
0
476
416
701.50
0
18
0
0
481
416
708
0
18
0
0
487
416
715
0
18
0
0
494
416
715
0
18
0
0
501
416
715.50
0
18
0
0
501
416
715.50
0
18
0
0
501
416
716
0
18
0
0
501
416
716
0
18
0
0
502
416
716
0
18
0
0
502
416
716
0
18
0
0
502
416
716
0
18
0
0
502
416
716
0
18
0
0
502
416
716
0
18
0
0
502
416
716
0
18
0
0
502
416
716
0
18
0
0
502
416
712
0
18
0
0
502
416
708
0
18
0
0
498
416
704
0
18
0
0
494
416
700
0
18
0
0
490
416
696
0
18
0
0
486
416
692
0
18
0
0
482
416
688
0
18
0
0
478
416
684
0
18
0
0
474
416
680
0
18
0
0
470
416
676
0
18
0
0
466
416
672
0
18
0
0
462
416
668
0
18
0
0
458
416
664
0
18
0
0
454
416
660
0
18
0
0
450
416
656
0
18
0
0
446
416
652
0
18
0
0
442
416
648
0
18
0
0
438
416
644
0
18
0
0
434
416
640
0
18
0
0
430
416
636
0
18
0
0
426
416
632
0
18
0
0
422
416
628
0
18
0
0
418
416
624
0
18
0
0
414
416
620
0
18
0
0
410
416
616
0
18
0
0
406
416
612
0
18
0
0
402
416
613
0
18
0
0
398
416
614.50
0
18
0
0
399
416
616.50
0
18
0
0
400
412
619
0
18
0
0
402
408
622
0
18
0
0
405
404
625.50
0
18
0
0
408
400
629.50
0
18
0
0
411
396
634
1
18
0
0
415
392
639
1
18
0
0
420
388
644.50
1
18
0
0
425
384
650.50
1
18
0
0
430
380
650.50
1
18
0
0
436
376
646.50
2
18
0
0
436
372
642.50
2
18
0
0
432
368
638.50
2
18
0
0
428
364
634.50
2
18
0
0
424
360
630.50
2
18
0
0
420
356
626.50
3
18
0
0
416
352
622.50
3
18
0
0
412
348
618.50
3
18
0
0
408
348
614.50
0
18
0
0
404
348
610.50
0
18
0
0
400
348
606.50
0
18
0
0
396
348
602.50
0
18
0
0
392
348
598.50
0
18
0
0
388
348
594.50
0
18
0
0
384
348
590.50
0
18
0
0
380
348
586.50
0
18
0
0
376
348
582.50
0
18
0
0
372
348
578.50
0
18
0
0
368
348
574.50
0
18
0
0
364
348
570.50
0
18
0
0
360
348
566.50
0
18
0
0
356
348
562.50
0
18
0
0
352
348
558.50
0
18
0
0
348
348
554.50
0
18
0
0
344
348
550.50
0
18
0
0
340
348
546.50
0
18
0
0
336
348
547.50
0
18
0
0
332
348
549
0
18
0
0
333
348
551
0
18
0
0
335
348
553.50
0
18
0
0
337
348
556.50
0
18
0
0
339
348
560
0
18
0
0
342
348
564
0
18
0
0
346
348
568.50
0
18
0
0
350
348
573.50
0
18
0
0
354
348
579
0
18
0
0
359
348
585
0
18
0
0
365
348
591.50
0
18
0
0
371
348
598.50
0
18
0
0
377
348
606
0
18
0
0
384
348
614
0
18
0
0
392
348
622.50
0
18
0
0
400
348
631.50
0
18
0
0
408
348
641
0
18
0
0
417
348
651
0
18
0
0
427
348
651
0
18
0
0
437
348
651.50
0
18
0
0
437
348
651.50
0
18
0
0
437
348
652
0
18
0
0
437
348
652
0
18
0
0
438
348
652
0
18
0
0
438
348
652
0
18
0
0
438
348
652
0
18
0
0
438
348
652
0
18
0
0
438
348
652
0
18
0
0
438
348
652
0
18
0
0
438
348
652
0
18
0
0
438
348
652
0
18
0
0
438
348
652
0
18
0
0
438
348
652
0
18
0
0
438
348
648
0
18
0
0
438
348
644
0
18
0
0
434
348
640
0
18
0
0
430
348
636
0
18
0
0
426
348
632
0
18
0
0
422
348
628
0
18
0
0
418
348
624
0
18
0
0
414
348
620
0
18
0
0
410
348
616
0
18
0
0
406
348
612
0
18
0
0
402
348
608
0
18
0
0
398
348
604
0
18
0
0
394
348
605
0
18
0
0
390
348
606.50
0
18
0
0
391
348
608.50
0
18
0
0
392
348
611
0
18
0
0
394
348
614
0
18
0
0
397
348
617.50
0
18
0
0
400
348
621.50
0
18
0
0
403
348
626
0
18
0
0
407
348
631
0
18
0
0
412
348
636.50
0
18
0
0
417
348
642.50
0
18
0
0
422
348
649
0
18
0
0
428
348
649
0
18
0
0
435
348
649.50
0
18
0
0
435
348
650.50
0
18
0
0
435
348
652
0
18
0
0
436
348
652
0
18
0
0
438
348
652
0
18
0
0
438
348
652
0
18
0
0
438
348
652
0
18
0
0
438
344
652
0
18
0
0
438
340
652
0
18
0
0
438
336
652
0
18
0
0
438
332
652
0
18
0
0
438
328
652
1
18
0
0
438
324
652
1
18
0
0
438
320
652
1
18
0
0
438
316
652
1
18
0
0
438
312
652
1
18
0
0
438
308
652
2
18
0
0
438
304
652
2
18
0
0
438
300
652
2
18
0
0
438
296
652
2
18
0
0
438
292
652
2
18
0
0
438
288
652
3
18
0
0
438
284
652
3
18
0
0
438
280
652
3
18
0
0
438
276
652
3
18
0
0
438
272
652
3
18
0
0
438
268
652
4
18
0
0
438
264
652
4
18
0
0
438
260
652
4
18
0
0
438
256
652
4
18
0
0
438
252
652
4
18
0
0
438
248
652
5
18
0
0
438
244
652
5
18
0
0
438
240
652
5
18
0
0
438
236
652
5
18
0
0
438
232
652
5
18
0
0
438
228
652
6
18
0
0
438
224
652
6
18
0
0
438
220
652
6
18
0
0
438
216
652
6
18
0
0
438
212
652
6
18
0
0
438
208
652
7
18
0
0
438
204
652
7
18
0
0
438
200
652
7
18
0
0
438
196
652
7
18
0
0
438
192
652.50
7
18
0
0
438
188
653.50
8
18
0
0
438
184
655
8
18
0
0
439
180
657
8
18
0
0
441
176
659.50
8
18
0
0
443
172
662.50
8
18
0
0
445
168
666
9
18
0
0
448
164
670
9
18
0
0
452
160
674.50
9
18
0
0
456
156
679.50
9
18
0
0
460
152
685
9
18
0
0
465
148
691
10
18
0
0
471
144
697.50
10
18
0
0
477
140
704.50
10
18
0
0
483
136
712
10
18
0
0
490
132
720
10
18
0
0
498
128
728.50
11
18
0
0
506
124
737.50
11
18
0
0
514
120
747
11
18
0
0
523
116
757
11
18
0
0
533
112
767.50
11
18
0
0
543
112
778.50
0
18
0
0
553
112
778.50
0
18
0
0
564
112
779
0
18
0
0
564
112
780
0
18
0
0
565
112
780
0
18
0
0
566
112
780
0
18
0
0
566
112
780
0
18
0
0
566
112
780
0
18
0
0
566
112
780
0
18
0
0
566
112
780
0
18
0
0
566
112
780
0
18
0
0
566
112
780
0
18
0
0
566
112
780
0
18
0
0
566
112
780
0
18
0
0
566
112
780
0
18
0
0
566
112
780
0
18
0
0
566
112
780
0
18
0
0
566
112
780
0
18
0
0
566
112
780
0
18
0
0
566
112
780
0
18
0
0
566
108
780
0
18
0
0
566
104
780
0
18
0
0
566
100
780
0
18
0
0
566
96
780
0
18
0
0
566
96
780
1
18
0
0
566
96
780
1
18
0
0
566
96
780
1
18
0
0
566
96
780
0
18
0
0
566
96
780
0
18
0
0
566
96
780
0
18
0
0
566
96
780
0
18
0
0
566
96
780
0
18
0
0
566
96
780
0
18
0
0
566
96
780
0
18
0
0
566
96
780
0
18
0
0
566
96
780
0
18
0
0
566
96
780
0
18
0
0
566
96
780
0
18
0
0
566
96
780
0
18
0
0
566
96
780
0
18
0
0
566
96
780
0
18
0
0
566
96
780
0
18
0
0
566
96
780
0
18
0
0
566
96
780
0
18
0
0
566
96
780
0
18
0
0
566
96
780
0
18
0
0
566
96
780
0
18
0
0
566
96
780
0
18
0
0
566
96
780
0
18
0
0
566
96
780
0
18
0
0
566
96
780
0
18
0
0
566
96
780
0
18
0
0
566
96
780
0
18
0
0
566
96
780
0
18
0
0
566
96
780
0
18
0
0
566
96
780
0
18
0
0
566
96
780
0
18
0
0
566
96
780
0
18
0
0
566
96
780
0
18
0
0
566
96
780
0
18
0
0
566
96
780
0
18
0
0
566
96
780
0
18
0
0
566
96
780
0
18
0
0
566
96
780
0
18
0
0
566
96
780
0
18
0
0
566
96
780
0
18
0
0
566
96
780
0
18
0
0
566
96
780
0
18
0
0
566
96
780
0
18
0
0
566
96
780
0
18
0
0
566
96
780
0
18
0
0
566
96
780
0
18
0
0
566
96
780
0
18
0
0
566
96
780
0
18
0
0
566
96
780
0
18
0
0
566
96
780
0
18
0
0
566
96
780
0
18
0
0
566
96
780
0
18
0
0
566
96
780
0
18
0
0
566
96
780
0
18
0
0
566
96
780
0
18
0
0
566
96
780
0
18
0
0
566
96
780
0
18
0
0
566
96
780
0
18
0
0
566
96
780
0
18
0
0
566
96
780
0
18
0
0
566
96
780
0
29
1
0
566
96
780
0
29
1
0
566
96
780
0
29
1
0
566
96
780
1
29
1
0
566
96
780
2
29
1
0
566
96
780
3
29
1
0
566
96
780
3
29
1
0
566
96
780
3
29
1
0
566
96
780
3
29
1
0
566
96
780
2
29
1
0
566
96
780
2
29
1
0
566
96
780
0
29
0
0
566
96
780
0
29
1
0
566
96
780
0
29
1
0
566
96
780
0
29
1
0
566
96
780
1
29
1
0
566
96
780
2
29
1
0
566
96
780
3
29
1
0
566
96
780
3
29
1
0
566
96
780
3
29
1
0
566
96
780
3
29
1
0
566
96
780
2
29
1
0
566
96
780
2
29
1
0
566
96
780
0
29
0
0
566
96
780
0
29
0
0
566
96
780
0
29
1
0
566
96
780
0
29
1
0
566
96
780
0
29
1
0
566
96
780
1
29
1
0
566
96
780
2
29
1
0
566
96
780
3
29
1
0
566
96
780
3
29
1
0
566
96
780
3
29
1
0
566
96
780
3
29
1
0
566
96
780
2
29
1
0
566
96
780
2
29
1
0
566
96
780
0
29
0
0
566
96
780
0
29
0
0
566
96
780
0
29
0
0
566
96
780
0
29
0
0
566
96
780
0
29
0
0
566
96
780
0
29
0
0
566
96
780
0
29
0
0
566
96
780
0
29
0
0
566
96
780
0
29
0
0
566
96
780
0
29
0
0
566
96
780
0
29
0
0
566
96
780
0
29
0
0
566
96
780
0
29
0
0
566
96
780
0
29
0
0
566
96
780
0
29
0
0
566
96
780
0
29
0
0
566
96
780
0
29
0
0
566
96
780
0
29
0
0
566
96
780
0
29
0
0
566
96
780
0
29
0
0
566
96
780
0
29
0
0
566
96
780
0
29
0
0
566
96
780
0
29
0
0
566
96
780
0
29
0
0
566
96
780
0
29
0
0
566
96
780
0
29
0
0
566
96
780
0
29
0
0
566
96
780
0
29
0
0
566
96
780
0
29
0
0
566
96
780
0
29
0
0
566
96
780
0
29
0
0
566
96
780
0
29
0
0
566
96
780
0
29
0
0
566
96
780
0
29
0
0
566
96
780
0
29
0
0
566
96
780
0
29
0
0
566
96
780
0
29
0
0
566
96
780
0
29
0
0
566
96
780
0
29
0
0
566
96
780
0
29
0
0
566
96
780
0
29
0
0
566
96
780
0
29
0
0
566
96
776
0
29
0
0
566
96
772
0
29
0
0
562
96
768
0
29
1
0
558
96
764
0
29
1
0
554
96
760
0
29
1
0
550
96
756
1
29
1
0
546
96
752
2
29
1
0
542
96
748
3
29
1
0
538
96
744
3
29
1
0
534
96
740
3
29
1
0
530
96
736
3
29
1
0
526
96
732
2
29
1
0
522
96
733
2
29
1
0
518
96
734.50
0
29
0
0
519
96
736.50
0
29
0
0
520
96
739
0
29
1
0
522
96
742
0
29
1
0
525
96
745.50
0
29
1
0
528
96
749.50
1
29
1
0
531
96
754
2
29
1
0
535
96
759
3
29
1
0
540
96
764.50
3
29
1
0
545
96
770.50
3
29
1
0
550
96
777
3
29
1
0
556
96
777
2
29
1
0
563
96
777.50
2
29
1
0
563
96
778.50
0
29
0
0
563
96
780
0
29
0
0
564
96
780
0
29
0
0
566
96
780
0
29
0
0
566
96
780
0
29
0
0
566
96
780
0
29
0
0
566
96
780
0
29
0
0
566
96
780
0
29
0
0
566
96
780
0
29
0
0
566
96
780
0
29
0
0
566
96
780
0
29
1
0
566
96
776
0
29
1
0
566
96
772
0
29
1
0
562
96
768
1
29
1
0
558
96
764
2
29
1
0
554
96
760
3
29
1
0
550
96
756
3
29
1
0
546
96
752
3
29
1
0
542
96
748
3
29
1
0
538
96
744
2
29
1
0
534
96
740
2
29
1
0
530
96
736
0
29
0
0
526
96
732
0
29
0
0
522
96
728
0
29
0
0
518
96
724
0
29
0
0
514
96
720
0
29
0
0
510
96
716
0
29
0
0
506
96
712
0
29
0
0
502
96
708
0
29
0
0
498
96
704
0
29
0
0
494
96
700
0
29
0
0
490
96
696
0
29
0
0
486
96
692
0
29
0
0
482
96
688
0
29
0
0
478
96
684
0
29
0
0
474
96
680
0
29
0
0
470
96
676
0
29
0
0
466
96
677
0
29
0
0
462
96
678.50
0
29
0
0
463
96
680.50
0
29
0
0
464
96
683
0
29
0
0
466
96
686
0
29
0
0
469
96
689.50
0
29
0
0
472
96
693.50
0
29
0
0
475
96
698
0
29
0
0
479
96
703
0
29
0
0
484
96
708.50
0
29
0
0
489
96
714.50
0
29
0
0
494
96
721
0
29
0
0
500
96
728
0
29
0
0
507
96
735.50
0
29
0
0
514
96
743.50
0
29
0
0
521
96
752
0
29
0
0
529
96
761
0
29
0
0
538
96
770.50
0
29
0
0
547
96
770.50
0
29
0
0
556
96
771
0
29
0
0
556
96
772
0
18
0
0
557
96
773.50
0
18
0
0
558
96
775.50
0
18
0
0
559
96
778
0
18
0
0
561
96
778
0
18
0
0
564
96
778.50
1
18
0
0
564
96
779.50
1
18
0
0
564
96
779.50
1
18
0
0
565
96
780
1
18
0
0
565
96
780
1
18
0
0
566
96
780
0
18
0
0
566
96
780
0
18
0
0
566
96
780
0
18
0
0
566
96
780
0
18
0
0
566
96
780
0
18
0
0
566
96
780
0
18
0
0
566
96
780
0
18
0
0
566
96
780
0
18
0
0
566
96
780
0
18
0
0
566
96
780
0
18
0
0
566
96
780
0
18
0
0
566
96
780
0
18
0
0
566
96
780
0
18
0
0
566
96
780
0
18
0
0
566
96
780
0
18
0
0
566
96
780
0
18
0
0
566
96
780
0
18
0
0
566
96
780
0
18
0
0
566
96
780
0
18
0
0
566
96
780
0
18
0
0
566
96
780
0
18
0
0
566
96
780
1
18
0
0
566
96
780
1
18
0
0
566
96
780
1
18
0
0
566
96
780
1
18
0
0
566
96
780
0
18
0
0
566
96
780
0
18
0
0
566
96
780
0
18
0
0
566
96
780
0
29
1
0
566
96
780
0
29
1
0
566
96
780
0
29
1
0
566
96
780
1
29
1
0
566
96
780
2
29
1
0
566
96
780
3
29
1
0
566
96
780
3
29
1
0
566
96
780
3
29
1
0
566
96
780
3
29
1
0
566
96
780
2
29
1
0
566
96
780
2
29
1
0
566
96
780
0
18
0
0
566
96
780
0
18
0
0
566
96
780
0
18
0
0
566
96
780
0
18
0
0
566
96
780
0
18
0
0
566
96
780
0
18
0
0
566
96
780
0
18
0
0
566
96
780
0
18
0
0
566
96
780
0
18
0
0
566
96
780
0
18
0
0
566
96
780
0
18
0
0
566
96
780
0
18
0
0
566
96
780
0
18
0
0
566
96
780
0
18
0
0
566
96
780
0
18
0
0
566
96
780
0
18
0
0
566
96
780
0
18
0
0
566
96
780
0
18
0
0
566
96
780
0
18
0
0
566
96
780
0
18
0
0
566
