48
120
1,1,1,1,1,1,1,1,1,1,1,1,1,1,1,1,2,2,2,2,2,2,2,2,2,2,2,2,2,2,2,2,2,2,2,2,2,2,2,2,2,2,2,2,2,2,2,2,
1,1,1,3,4,1,1,1,1,1,1,1,1,1,1,1,2,2,2,2,2,2,2,2,2,2,2,2,2,2,2,2,2,2,2,2,2,2,2,2,2,2,2,2,2,2,2,2,
1,1,1,1,1,1,1,1,1,1,1,1,3,4,1,1,2,2,2,2,2,2,2,2,2,2,2,2,2,2,2,2,2,2,2,2,2,2,2,2,2,2,2,2,2,2,2,2,
1,1,1,1,1,1,1,1,1,1,1,1,1,1,1,1,2,2,2,2,2,2,2,2,2,2,2,2,2,2,2,2,2,2,2,2,2,2,2,2,2,2,2,2,2,2,2,2,
1,1,1,1,1,1,1,1,1,3,4,1,1,1,1,1,2,2,2,2,2,2,2,2,2,2,2,2,2,2,2,2,2,2,2,2,2,2,2,2,2,2,2,2,2,2,2,2,
1,1,1,1,1,1,1,1,1,1,1,1,1,1,1,1,2,2,2,2,2,2,2,2,2,2,2,2,2,2,2,2,2,2,2,2,2,2,2,2,2,2,2,2,2,2,2,2,
1,1,1,1,1,1,1,1,1,1,1,1,1,0,1,1,2,2,2,2,2,2,2,2,2,2,2,2,2,2,2,2,2,2,2,2,2,2,2,2,2,2,2,2,2,2,2,2,
5,5,5,5,5,6,1,1,1,1,1,7,5,5,5,5,2,2,2,2,2,2,2,2,2,2,2,2,2,2,2,2,2,2,2,2,2,2,2,2,2,2,2,2,2,2,2,2,
8,8,8,8,9,1,1,1,1,1,1,1,10,8,8,8,2,2,2,2,2,2,2,2,2,2,2,2,2,2,2,2,2,2,2,2,2,2,2,2,2,2,2,2,2,2,2,2,
8,8,8,11,1,1,1,1,1,1,1,1,1,10,8,8,2,2,2,2,2,2,2,2,2,2,2,2,2,2,2,2,2,2,2,2,2,2,2,2,2,2,2,2,2,2,2,2,
8,8,8,0,1,1,7,5,5,5,6,1,1,1,10,8,2,2,2,2,2,2,2,2,2,2,2,2,2,2,2,2,2,2,2,2,2,2,2,2,2,2,2,2,2,2,2,2,
8,8,8,0,1,1,1,10,8,9,1,1,1,1,1,12,2,2,2,2,2,2,2,2,2,2,2,2,2,2,2,2,2,2,2,2,2,2,2,2,2,2,2,2,2,2,2,2,
8,8,8,0,1,1,1,1,1,1,1,1,1,1,1,8,2,2,2,2,2,2,2,2,2,2,2,2,2,2,2,2,2,2,2,2,2,2,2,2,2,2,2,2,2,2,2,2,
8,8,8,5,6,1,1,1,1,1,1,1,1,0,0,8,2,2,2,2,2,2,2,2,2,2,2,2,2,2,2,2,2,2,2,2,2,2,2,2,2,2,2,2,2,2,2,2,
8,8,8,11,1,1,1,1,1,7,5,5,5,5,5,8,2,2,2,2,2,2,2,2,2,2,2,2,2,2,2,2,2,2,2,2,2,2,2,2,2,2,2,2,2,2,2,2,
8,8,8,11,1,1,1,1,0,1,10,8,8,8,8,8,2,2,2,2,2,2,2,2,2,2,2,2,2,2,2,2,2,2,2,2,2,2,2,2,2,2,2,2,2,2,2,2,
8,8,8,11,1,1,1,1,0,1,1,10,8,8,8,8,2,2,2,2,2,2,2,2,2,2,2,2,2,2,2,2,2,2,2,2,2,2,2,2,2,2,2,2,2,2,2,2,
8,8,8,11,1,7,5,5,6,1,1,1,10,8,8,8,2,2,2,2,2,2,2,2,2,2,2,2,2,2,2,2,2,2,2,2,2,2,2,2,2,2,2,2,2,2,2,2,
8,8,8,9,1,1,10,9,1,1,3,4,1,10,8,8,2,2,2,2,2,2,2,2,2,2,2,2,2,2,2,2,2,2,2,2,2,2,2,2,2,2,2,2,2,2,2,2,
8,8,13,0,0,1,1,1,1,1,1,1,1,1,10,8,2,2,2,2,2,2,2,2,2,2,2,2,2,2,2,2,2,2,2,2,2,2,2,2,2,2,2,2,2,2,2,2,
8,11,0,0,0,1,1,1,1,1,1,1,1,1,1,8,2,2,2,2,2,2,2,2,2,2,2,2,2,2,2,2,2,2,2,2,2,2,2,2,2,2,2,2,2,2,2,2,
8,11,1,1,1,1,1,1,1,1,1,1,1,1,0,8,2,2,2,2,2,2,2,2,2,2,2,2,2,2,2,2,2,2,2,2,2,2,2,2,2,2,2,2,2,2,2,2,
8,11,1,1,1,1,1,0,7,5,5,5,6,1,0,8,2,2,2,2,2,2,2,2,2,2,2,2,2,2,2,2,2,2,2,2,2,2,2,2,2,2,2,2,2,2,2,2,
8,0,1,1,1,1,1,0,1,10,8,9,0,1,1,8,2,2,2,2,2,2,2,2,2,2,2,2,2,2,2,2,2,2,2,2,2,2,2,2,2,2,2,2,2,2,2,2,
8,0,0,1,1,1,1,1,1,1,1,1,1,0,1,12,2,2,2,2,2,2,2,2,2,2,2,2,2,2,2,2,2,2,2,2,2,2,2,2,2,2,2,2,2,2,2,2,
8,5,6,1,1,1,1,1,1,1,1,1,1,1,0,12,2,2,2,2,2,2,2,2,2,2,2,2,2,2,2,2,2,2,2,2,2,2,2,2,2,2,2,2,2,2,2,2,
8,8,5,5,5,5,6,0,0,0,1,0,1,1,1,12,2,2,2,2,2,2,2,2,2,2,2,2,2,2,2,2,2,2,2,2,2,2,2,2,2,2,2,2,2,2,2,2,
8,8,8,8,8,9,1,1,0,7,5,5,5,5,5,12,2,2,2,2,2,2,2,2,2,2,2,2,2,2,2,2,2,2,2,2,2,2,2,2,2,2,2,2,2,2,2,2,
8,8,8,0,0,1,1,1,1,1,10,8,8,8,8,12,2,2,2,2,2,2,2,2,2,2,2,2,2,2,2,2,2,2,2,2,2,2,2,2,2,2,2,2,2,2,2,2,
8,8,8,0,1,1,3,4,1,1,1,10,8,8,8,12,2,2,2,2,2,2,2,2,2,2,2,2,2,2,2,2,2,2,2,2,2,2,2,2,2,2,2,2,2,2,2,2,
8,8,9,1,0,1,1,1,1,1,1,1,10,8,8,8,2,2,2,2,2,2,2,2,2,2,2,2,2,2,2,2,2,2,2,2,2,2,2,2,2,2,2,2,2,2,2,2,
8,9,0,1,0,1,1,1,1,1,1,1,1,10,8,8,2,2,2,2,2,2,2,2,2,2,2,2,2,2,2,2,2,2,2,2,2,2,2,2,2,2,2,2,2,2,2,2,
11,1,0,0,1,0,0,1,1,1,1,1,1,1,12,8,2,2,2,2,2,2,2,2,2,2,2,2,2,2,2,2,2,2,2,2,2,2,2,2,2,2,2,2,2,2,2,2,
11,1,0,0,0,14,0,1,1,1,1,0,1,1,12,8,2,2,2,2,2,2,2,2,2,2,2,2,2,2,2,2,2,2,2,2,2,2,2,2,2,2,2,2,2,2,2,2,
11,1,0,0,0,1,0,0,7,5,5,6,1,1,12,8,2,2,2,2,2,2,2,2,2,2,2,2,2,2,2,2,2,2,2,2,2,2,2,2,2,2,2,2,2,2,2,2,
11,1,0,1,1,1,0,1,1,10,9,1,1,1,12,8,2,2,2,2,2,2,2,2,2,2,2,2,2,2,2,2,2,2,2,2,2,2,2,2,2,2,2,2,2,2,2,2,
11,1,7,5,5,5,6,1,1,1,1,1,1,1,0,8,2,2,2,2,2,2,2,2,2,2,2,2,2,2,2,2,2,2,2,2,2,2,2,2,2,2,2,2,2,2,2,2,
11,1,1,1,1,0,0,0,1,1,1,1,1,0,0,8,2,2,2,2,2,2,2,2,2,2,2,2,2,2,2,2,2,2,2,2,2,2,2,2,2,2,2,2,2,2,2,2,
11,1,1,1,1,0,0,1,7,5,5,5,5,5,5,8,2,2,2,2,2,2,2,2,2,2,2,2,2,2,2,2,2,2,2,2,2,2,2,2,2,2,2,2,2,2,2,2,
11,0,0,0,0,1,1,1,1,10,8,8,8,8,12,8,2,2,2,2,2,2,2,2,2,2,2,2,2,2,2,2,2,2,2,2,2,2,2,2,2,2,2,2,2,2,2,2,
11,0,1,1,0,1,1,1,1,1,10,8,8,8,12,8,2,2,2,2,2,2,2,2,2,2,2,2,2,2,2,2,2,2,2,2,2,2,2,2,2,2,2,2,2,2,2,2,
11,0,1,1,0,1,1,1,1,1,1,10,8,8,12,8,2,2,2,2,2,2,2,2,2,2,2,2,2,2,2,2,2,2,2,2,2,2,2,2,2,2,2,2,2,2,2,2,
11,0,1,1,0,1,1,1,3,4,1,1,1,1,10,8,2,2,2,2,2,2,2,2,2,2,2,2,2,2,2,2,2,2,2,2,2,2,2,2,2,2,2,2,2,2,2,2,
8,5,5,5,5,5,5,6,1,1,1,1,1,1,0,12,2,2,2,2,2,2,2,2,2,2,2,2,2,2,2,2,2,2,2,2,2,2,2,2,2,2,2,2,2,2,2,2,
8,8,8,8,8,9,1,1,1,1,1,1,1,0,1,12,2,2,2,2,2,2,2,2,2,2,2,2,2,2,2,2,2,2,2,2,2,2,2,2,2,2,2,2,2,2,2,2,
8,8,8,8,9,1,1,0,1,1,1,1,0,1,1,12,2,2,2,2,2,2,2,2,2,2,2,2,2,2,2,2,2,2,2,2,2,2,2,2,2,2,2,2,2,2,2,2,
8,8,8,8,0,0,0,1,7,5,5,5,6,1,1,12,2,2,2,2,2,2,2,2,2,2,2,2,2,2,2,2,2,2,2,2,2,2,2,2,2,2,2,2,2,2,2,2,
8,8,8,9,0,0,0,1,1,10,8,9,1,1,1,12,2,2,2,2,2,2,2,2,2,2,2,2,2,2,2,2,2,2,2,2,2,2,2,2,2,2,2,2,2,2,2,2,
8,9,0,1,1,1,1,1,1,1,1,1,1,1,1,12,2,2,2,2,2,2,2,2,2,2,2,2,2,2,2,2,2,2,2,2,2,2,2,2,2,2,2,2,2,2,2,2,
11,1,1,1,1,1,0,0,1,1,1,1,1,1,1,12,2,2,2,2,2,2,2,2,2,2,2,2,2,2,2,2,2,2,2,2,2,2,2,2,2,2,2,2,2,2,2,2,
11,1,1,1,1,0,0,0,1,1,1,1,1,1,1,12,2,2,2,2,2,2,2,2,2,2,2,2,2,2,2,2,2,2,2,2,2,2,2,2,2,2,2,2,2,2,2,2,
11,1,1,7,5,5,15,0,5,5,5,5,5,6,1,12,2,2,2,2,2,2,2,2,2,2,2,2,2,2,2,2,2,2,2,2,2,2,2,2,2,2,2,2,2,2,2,2,
11,1,1,1,10,8,8,8,8,8,8,8,9,1,0,12,2,2,2,2,2,2,2,2,2,2,2,2,2,2,2,2,2,2,2,2,2,2,2,2,2,2,2,2,2,2,2,2,
11,1,1,1,1,10,8,8,8,8,8,9,1,1,0,12,2,2,2,2,2,2,2,2,2,2,2,2,2,2,2,2,2,2,2,2,2,2,2,2,2,2,2,2,2,2,2,2,
11,1,1,1,1,1,1,0,0,0,1,1,1,1,1,12,2,2,2,2,2,2,2,2,2,2,2,2,2,2,2,2,2,2,2,2,2,2,2,2,2,2,2,2,2,2,2,2,
11,0,0,0,1,1,1,0,0,0,1,1,1,1,1,12,2,2,2,2,2,2,2,2,2,2,2,2,2,2,2,2,2,2,2,2,2,2,2,2,2,2,2,2,2,2,2,2,
11,1,1,1,0,1,1,0,0,0,7,5,5,5,5,8,2,2,2,2,2,2,2,2,2,2,2,2,2,2,2,2,2,2,2,2,2,2,2,2,2,2,2,2,2,2,2,2,
11,1,1,1,0,1,1,1,1,1,1,10,8,8,8,12,2,2,2,2,2,2,2,2,2,2,2,2,2,2,2,2,2,2,2,2,2,2,2,2,2,2,2,2,2,2,2,2,
8,5,5,5,5,5,6,1,1,3,4,1,1,10,8,12,2,2,2,2,2,2,2,2,2,2,2,2,2,2,2,2,2,2,2,2,2,2,2,2,2,2,2,2,2,2,2,2,
8,8,8,8,8,9,1,1,1,1,1,1,1,1,10,12,2,2,2,2,2,2,2,2,2,2,2,2,2,2,2,2,2,2,2,2,2,2,2,2,2,2,2,2,2,2,2,2,
8,8,8,8,9,1,1,1,1,1,1,1,1,1,1,12,2,2,2,2,2,2,2,2,2,2,2,2,2,2,2,2,2,2,2,2,2,2,2,2,2,2,2,2,2,2,2,2,
8,8,8,9,1,1,3,4,1,1,1,1,1,1,0,12,2,2,2,2,2,2,2,2,2,2,2,2,2,2,2,2,2,2,2,2,2,2,2,2,2,2,2,2,2,2,2,2,
8,0,0,1,1,1,1,1,0,1,1,1,1,0,1,12,2,2,2,2,2,2,2,2,2,2,2,2,2,2,2,2,2,2,2,2,2,2,2,2,2,2,2,2,2,2,2,2,
8,0,0,1,1,0,0,0,1,1,1,1,1,1,1,12,2,2,2,2,2,2,2,2,2,2,2,2,2,2,2,2,2,2,2,2,2,2,2,2,2,2,2,2,2,2,2,2,
11,5,6,1,1,0,0,0,1,1,1,1,0,0,0,12,2,2,2,2,2,2,2,2,2,2,2,2,2,2,2,2,2,2,2,2,2,2,2,2,2,2,2,2,2,2,2,2,
11,9,1,1,1,0,0,0,1,1,1,1,0,1,1,12,2,2,2,2,2,2,2,2,2,2,2,2,2,2,2,2,2,2,2,2,2,2,2,2,2,2,2,2,2,2,2,2,
11,1,1,1,1,1,1,1,1,1,1,1,0,1,0,12,2,2,2,2,2,2,2,2,2,2,2,2,2,2,2,2,2,2,2,2,2,2,2,2,2,2,2,2,2,2,2,2,
11,1,1,7,5,5,5,5,5,5,5,5,5,5,5,8,2,2,2,2,2,2,2,2,2,2,2,2,2,2,2,2,2,2,2,2,2,2,2,2,2,2,2,2,2,2,2,2,
11,1,1,1,10,8,8,8,8,8,8,8,8,8,8,8,2,2,2,2,2,2,2,2,2,2,2,2,2,2,2,2,2,2,2,2,2,2,2,2,2,2,2,2,2,2,2,2,
11,1,1,1,1,1,10,8,8,8,8,8,8,8,8,8,2,2,2,2,2,2,2,2,2,2,2,2,2,2,2,2,2,2,2,2,2,2,2,2,2,2,2,2,2,2,2,2,
8,5,6,1,1,1,1,1,1,0,10,8,8,8,8,8,2,2,2,2,2,2,2,2,2,2,2,2,2,2,2,2,2,2,2,2,2,2,2,2,2,2,2,2,2,2,2,2,
11,9,1,1,3,4,1,1,1,1,1,1,1,10,8,8,2,2,2,2,2,2,2,2,2,2,2,2,2,2,2,2,2,2,2,2,2,2,2,2,2,2,2,2,2,2,2,2,
11,0,1,1,1,1,1,1,1,1,1,1,1,1,10,8,2,2,2,2,2,2,2,2,2,2,2,2,2,2,2,2,2,2,2,2,2,2,2,2,2,2,2,2,2,2,2,2,
11,0,0,1,1,1,1,7,5,5,6,1,1,1,1,12,2,2,2,2,2,2,2,2,2,2,2,2,2,2,2,2,2,2,2,2,2,2,2,2,2,2,2,2,2,2,2,2,
11,0,0,1,1,1,1,1,1,1,1,1,1,1,1,12,2,2,2,2,2,2,2,2,2,2,2,2,2,2,2,2,2,2,2,2,2,2,2,2,2,2,2,2,2,2,2,2,
11,0,7,5,5,6,1,1,1,1,1,1,1,1,1,12,2,2,2,2,2,2,2,2,2,2,2,2,2,2,2,2,2,2,2,2,2,2,2,2,2,2,2,2,2,2,2,2,
11,1,1,1,1,1,1,1,1,1,1,1,0,1,1,12,2,2,2,2,2,2,2,2,2,2,2,2,2,2,2,2,2,2,2,2,2,2,2,2,2,2,2,2,2,2,2,2,
11,1,1,1,1,1,1,1,3,4,1,7,6,1,1,12,2,2,2,2,2,2,2,2,2,2,2,2,2,2,2,2,2,2,2,2,2,2,2,2,2,2,2,2,2,2,2,2,
11,1,0,1,1,1,1,1,1,1,1,1,1,1,1,12,2,2,2,2,2,2,2,2,2,2,2,2,2,2,2,2,2,2,2,2,2,2,2,2,2,2,2,2,2,2,2,2,
11,1,0,1,1,1,1,1,1,1,1,1,1,1,0,12,2,2,2,2,2,2,2,2,2,2,2,2,2,2,2,2,2,2,2,2,2,2,2,2,2,2,2,2,2,2,2,2,
8,6,0,0,1,1,1,1,1,1,1,1,1,1,1,12,2,2,2,2,2,2,2,2,2,2,2,2,2,2,2,2,2,2,2,2,2,2,2,2,2,2,2,2,2,2,2,2,
11,0,0,0,0,7,5,6,1,1,1,1,1,1,1,12,2,2,2,2,2,2,2,2,2,2,2,2,2,2,2,2,2,2,2,2,2,2,2,2,2,2,2,2,2,2,2,2,
11,1,0,0,1,1,1,1,1,1,1,7,6,1,1,12,2,2,2,2,2,2,2,2,2,2,2,2,2,2,2,2,2,2,2,2,2,2,2,2,2,2,2,2,2,2,2,2,
11,1,1,1,1,1,1,1,1,1,1,1,1,1,7,12,2,2,2,2,2,2,2,2,2,2,2,2,2,2,2,2,2,2,2,2,2,2,2,2,2,2,2,2,2,2,2,2,
11,1,1,1,1,1,1,1,1,1,1,1,1,1,1,12,2,2,2,2,2,2,2,2,2,2,2,2,2,2,2,2,2,2,2,2,2,2,2,2,2,2,2,2,2,2,2,2,
11,1,1,1,1,1,1,1,1,1,1,1,1,1,1,12,2,2,2,2,2,2,2,2,2,2,2,2,2,2,2,2,2,2,2,2,2,2,2,2,2,2,2,2,2,2,2,2,
11,1,7,5,6,1,7,5,6,1,7,5,6,1,7,12,2,2,2,2,2,2,2,2,2,2,2,2,2,2,2,2,2,2,2,2,2,2,2,2,2,2,2,2,2,2,2,2,
11,1,1,1,1,1,1,1,1,1,1,1,1,1,1,12,2,2,2,2,2,2,2,2,2,2,2,2,2,2,2,2,2,2,2,2,2,2,2,2,2,2,2,2,2,2,2,2,
11,1,1,1,0,0,1,7,6,1,0,1,0,0,1,12,2,2,2,2,2,2,2,2,2,2,2,2,2,2,2,2,2,2,2,2,2,2,2,2,2,2,2,2,2,2,2,2,
11,1,1,1,0,0,1,1,1,1,0,1,0,0,1,12,2,2,2,2,2,2,2,2,2,2,2,2,2,2,2,2,2,2,2,2,2,2,2,2,2,2,2,2,2,2,2,2,
11,0,0,0,0,1,7,5,6,1,0,1,0,1,1,12,2,2,2,2,2,2,2,2,2,2,2,2,2,2,2,2,2,2,2,2,2,2,2,2,2,2,2,2,2,2,2,2,
11,0,0,0,0,1,1,1,1,1,0,1,0,1,1,12,2,2,2,2,2,2,2,2,2,2,2,2,2,2,2,2,2,2,2,2,2,2,2,2,2,2,2,2,2,2,2,2,
8,16,17,0,7,5,6,1,7,5,6,1,7,5,5,12,2,2,2,2,2,2,2,2,2,2,2,2,2,2,2,2,2,2,2,2,2,2,2,2,2,2,2,2,2,2,2,2,
11,9,1,0,0,0,1,1,1,1,1,1,1,10,8,12,2,2,2,2,2,2,2,2,2,2,2,2,2,2,2,2,2,2,2,2,2,2,2,2,2,2,2,2,2,2,2,2,
11,1,1,0,0,0,1,1,1,1,1,1,1,1,10,12,2,2,2,2,2,2,2,2,2,2,2,2,2,2,2,2,2,2,2,2,2,2,2,2,2,2,2,2,2,2,2,2,
11,1,1,1,1,1,1,1,1,1,1,1,1,1,1,12,2,2,2,2,2,2,2,2,2,2,2,2,2,2,2,2,2,2,2,2,2,2,2,2,2,2,2,2,2,2,2,2,
11,1,1,0,1,1,1,1,1,3,4,1,1,1,1,12,2,2,2,2,2,2,2,2,2,2,2,2,2,2,2,2,2,2,2,2,2,2,2,2,2,2,2,2,2,2,2,2,
11,1,1,0,1,1,1,1,1,1,1,1,1,1,1,12,2,2,2,2,2,2,2,2,2,2,2,2,2,2,2,2,2,2,2,2,2,2,2,2,2,2,2,2,2,2,2,2,
11,1,1,0,1,1,1,1,1,1,1,1,1,1,1,12,2,2,2,2,2,2,2,2,2,2,2,2,2,2,2,2,2,2,2,2,2,2,2,2,2,2,2,2,2,2,2,2,
11,1,1,3,4,1,1,1,1,1,1,1,1,1,1,12,2,2,2,2,2,2,2,2,2,2,2,2,2,2,2,2,2,2,2,2,2,2,2,2,2,2,2,2,2,2,2,2,
11,1,1,1,1,1,1,1,1,1,1,1,1,1,1,12,2,2,2,2,2,2,2,2,2,2,2,2,2,2,2,2,2,2,2,2,2,2,2,2,2,2,2,2,2,2,2,2,
11,1,1,1,1,1,1,1,1,1,3,4,1,1,1,12,2,2,2,2,2,2,2,2,2,2,2,2,2,2,2,2,2,2,2,2,2,2,2,2,2,2,2,2,2,2,2,2,
11,1,1,1,1,1,1,1,1,1,1,1,1,1,1,12,2,2,2,2,2,2,2,2,2,2,2,2,2,2,2,2,2,2,2,2,2,2,2,2,2,2,2,2,2,2,2,2,
11,1,1,1,1,1,1,1,1,1,1,1,1,1,1,12,2,2,2,2,2,2,2,2,2,2,2,2,2,2,2,2,2,2,2,2,2,2,2,2,2,2,2,2,2,2,2,2,
11,1,1,1,1,1,1,1,1,1,1,1,0,1,1,12,2,2,2,2,2,2,2,2,2,2,2,2,2,2,2,2,2,2,2,2,2,2,2,2,2,2,2,2,2,2,2,2,
11,1,1,1,1,1,1,1,1,1,1,1,1,1,1,12,2,2,2,2,2,2,2,2,2,2,2,2,2,2,2,2,2,2,2,2,2,2,2,2,2,2,2,2,2,2,2,2,
11,1,3,4,1,0,1,1,1,1,1,1,1,1,1,12,2,2,2,2,2,2,2,2,2,2,2,2,2,2,2,2,2,2,2,2,2,2,2,2,2,2,2,2,2,2,2,2,
8,1,1,1,1,1,1,1,1,1,1,1,1,1,1,10,2,2,2,2,2,2,2,2,2,2,2,2,2,2,2,2,2,2,2,2,2,2,2,2,2,2,2,2,2,2,2,2,
8,18,18,18,18,18,18,18,18,18,18,18,18,18,18,18,18,18,18,18,18,18,18,18,18,18,19,20,20,20,20,20,20,20,20,20,20,18,18,18,18,18,18,18,20,20,20,21,
8,22,22,22,22,22,22,22,22,22,22,23,22,22,22,22,22,5,5,5,5,5,5,22,22,22,24,25,22,22,22,22,22,26,25,25,25,27,22,22,22,22,22,22,22,22,25,21,
8,22,22,22,22,22,22,22,22,22,22,28,22,22,22,22,22,25,25,25,25,25,25,22,22,22,22,25,22,22,22,22,22,25,22,22,22,0,22,22,0,0,0,22,22,25,25,21,
8,5,5,5,5,27,22,22,22,22,25,29,22,22,22,22,22,24,25,25,25,25,30,22,22,0,0,25,22,22,22,22,22,25,22,22,22,0,22,22,0,0,0,22,22,0,0,21,
8,25,25,25,25,25,22,22,22,22,24,25,27,22,22,22,22,22,22,0,30,0,22,22,22,22,22,25,25,27,22,22,22,25,22,22,22,0,22,22,22,0,0,22,22,0,0,21,
8,0,22,22,25,25,22,22,22,22,0,0,25,22,22,22,23,0,22,22,22,22,22,22,22,22,22,22,22,22,22,22,22,25,22,22,22,0,22,22,22,22,22,22,0,0,0,21,
8,0,0,0,24,25,22,22,22,22,26,25,30,22,22,22,28,5,5,5,5,5,5,22,22,22,22,25,25,30,22,22,22,0,22,0,0,0,23,23,23,26,25,27,22,22,0,21,
8,25,0,0,22,25,22,23,22,22,0,0,0,22,23,23,29,8,8,8,8,8,8,22,22,22,22,25,23,23,22,22,22,0,23,0,0,0,28,28,28,25,0,0,22,23,0,21,
8,25,27,22,22,25,22,28,22,22,22,0,0,22,28,28,5,8,8,8,8,8,8,0,0,0,22,25,28,28,22,22,22,0,28,0,0,25,29,29,29,25,0,0,22,28,0,21,
8,25,25,22,22,0,22,29,22,22,22,0,0,22,29,29,8,8,8,8,8,8,8,22,22,22,22,25,29,29,22,22,22,25,29,22,22,24,25,25,25,25,0,0,22,29,0,21,
8,5,5,5,5,5,5,5,5,5,5,5,5,5,5,5,8,8,8,8,8,8,8,5,5,5,5,5,5,5,5,5,5,5,5,5,5,5,5,5,5,5,5,5,5,5,5,31,
8,8,8,8,8,8,8,8,8,8,8,8,8,8,8,8,8,8,8,8,8,8,8,8,8,8,8,8,8,8,8,8,8,8,8,8,8,8,8,8,8,8,8,8,8,8,8,32,
